7.86E+15
0.00186661
9.48E+17
-5.47E+29
-4.44E+27
3.14E+22
-1.93E+08
-1.00E+35
2.10E+15
2.72E+31
1.13E+29
-3.06E+31
-2.33E+15
-3.30E+37
-5.69E-11
-1.23E-20
7.50E-19
5824.62
2.20E+30
-5.72E+20
-3.88E-25
-8.36E+25
2.58E+19
2.82E+28
2.15E+08
-47.9367
5.21E+16
8.98E+28
6.11E+30
-4.54E-17
-1.20E+33
4.44E+32
-0.534651
1.16E+32
8.71E+18
-3.55E+37
-7.91E+27
-2.88E+23
-1.58E-12
-4.48E-07
8.09E+34
-3.99E-19
1.04E+28
2.21E+13
3.18E-11
-3.54E+25
1.55E+35
-6.25E-15
7.69E+23
5.17E-14
1.96E+15
1.33E+16
-1.08E+29
3.83E+26
3.75E+17
0.117404
-1.69E+06
8.87E+14
-2.04E+06
9.61E+30
-5.12E+19
1.36E+26
2.81E+18
7.76E+32
5.08E-05
2.65E+27
1.94E+12
-2.35E+24
-6.76E+35
1.60E-25
-3.76E+08
2.28E-33
-0.000208708
-6.83E+28
-6.33E+29
1.08E-09
-4.42E+25
-6.91E+19
-7.12E-08
-1.93E-14
7.01E+33
-1.12E-19
1.71E+06
1.75E+20
-7.99E+37
-5.33E+08
5.79E+30
-1.39E+15
2.27E-05
-2.77E+14
-4.42E-13
-1.68E-21
-6.41E+37
1.82E-08
1.46E+25
5.75E+08
1.22E+14
-3.73E+34
25751.2
4.85E+07
1.02E-12
4.96E+11
-1.34E+27
1.20E+33
1.58E-19
-7.82E+16
17.369
-3.56E+17
-4.59E+22
1.11E-15
7.54E+15
-0.000257045
7.10E+18
1.16E+34
6.22E+16
-9.59E-07
4.41E+32
-1.96E+15
-1.91E+09
5.83E+20
7.60E+27
4.03E+09
5.38E+11
8.90E+36
4.21E-13
3.54E+18
-1.08E+24
-4.98E+31
-7.07E+07
-1.50E+10
6.76E-24
7.05E+16
3.55E-30
-8.82E+30
-1.97E+32
1.17E-26
-7.19E+11
5.49E-18
-1.43E+30
1.24E+24
-121144
2.23E+33
3.98E+23
8.34E-19
3.85E+26
-6.69E+25
3.06E+19
-1.76E-13
-2.48E-17
6.53E+28
5.26E+13
-8.16E+11
-1.10E+15
-7.92E+34
-1.61E-06
1.83E+30
-5.32E-06
3184.95
-1.07E+18
-1.33E+31
-3.04E+29
2.92E+21
3.84E-18
-1.99E+10
-1.09E+38
-1.23E+20
3.22E+25
3.50E+18
-748.85
-7.20714
8.00E+25
1.23E-08
-1.43E+22
-4.38E-17
-157.363
-1.87E+34
5.25E+21
2.53E-17
-5.19E-05
5.42E-20
1.94E+33
1.03E+24
-1.36E+20
-2.14E-16
-9.05E-30
-2.36E-26
4.15E+20
0.0117872
-1.23E+22
3.31E+22
1.65E-07
1462.9
3.16E+09
-2.85556
1.82E+37
-1.86E+24
3.22E+21
-2.20E+07
4.12E-07
1.33E-05
8.43E-31
-20.6726
52267.2
2.09E+10
6.83E+07
-1.46E+31
-1.38E+25
-4.96E+28
-7.96E+19
1.31E+27
-201.831
-2.13E+21
2.34E+11
-5.07E-29
-1.34E+15
6.97E-12
-685.472
1.90E+22
-1.95E-21
122.174
3.28E+06
2.44E+36
-3.14E-22
-5.77E-14
-0.00154681
3.66E+16
2.59E+36
1.64E+10
1540.41
4.97E-11
-54700.2
-1.06E+21
1.96E+08
-7.72E-14
9.63E+14
6.99E+36
2.05E-13
-2.12E-27
6.92E+11
5.44E+29
-2.15E+31
-4.76E+17
6.91E+37
1.08E+34
4.48E+13
5.73E+19
2.76E+22
-1.10E-07
7.97E+06
9.92E+17
1.59E+25
-3.19E+07
1.68E+34
1.70E+19
1.77E+09
-4.09E+20
-9.70E+20
-1.92E+18
-1.12E+21
7.85E+11
1.50E+25
-4.12E+36
-5.17E+33
101178
7.44E+31
2.51E-19
-3.15E-08
6.19E+09
1.47E+32
-5.95E+22
5.48E+35
2.65E-20
2.25E+31
5.69E+10
-4.17E+18
-10054.4
-0.000976388
1.46E+38
1.19E-09
-2.27E+36
5.41E+10
1.57E+28
-3.59E+31
-1.54E+21
1.07E+16
4.30E+34
-2.83E-31
0.3423
-4.37E+20
-3.39E+17
2.62E+11
6.44E+19
-5.26E-17
5.51E-16
6.23E-18
-3.90E+31
-3.59E-16
3.78E+32
-2.45E-12
5.21E+32
4.68E-11
1.48E+13
-0.0125301
1.47E+25
-414.581
1.86E-16
2.45E+12
-1.64E+11
-1.86E-18
-3.41E+35
-2.81E+35
3.83E+31
-1.02E-25
5.91E+32
5.86E+07
-3.44E-12
4.19E+33
-1.77E-09
-1.25E+32
4.16E+20
-1.75E+28
1.47E-09
-1.07E+12
989.777
-1.88E-22
-0.00087925
-3.27E+27
-1.89E+26
3.78E+34
4.12E+36
-7.22E+11
9.91E+28
-1.14E+37
-2.34E+19
1.61E+29
2.70E+24
9.07E+15
8.09E+13
1.60E+20
-1.91E+24
7.51E+37
1.44E+20
2.93E+36
-456.718
-3.12E+34
4.81E+32
1.98E+24
2.19E+38
-1359.97
-1.01E-17
-8.77E-09
-3.79E+17
1.41E+23
1.65E+22
1.19E+36
1.83E+19
-1.94E+13
-4.61E+27
0.581334
-487490
8.96E+26
1.92E+25
-1.80E+24
1.12E+32
-1.69E+16
-0.00748704
5.19E-18
5.12E+18
-27.3039
-6.92E+14
9.52E+13
-5.52E-12
1.68E+26
8.37E+31
-1.10E+30
-1.13E+17
3.06E+09
-8.50E+18
5.80E+23
2.27E+21
5.89E-19
7.76E+31
-1.00E-23
1.18E+17
9.39E+16
-1.51271
-2.71E-17
2.67E+26
5.21E+11
-2.19E+26
1.26E+18
-1.77E+34
7.56E-23
3.56E+37
9.51E+29
2.65E+29
-1.27E+14
-2.51E+26
-7.45E-14
-1.53E+29
-1.82E-10
2.94E-17
3.99E+11
1.18E+23
9.20E-11
5.85E+26
7.32E+06
5.89E+37
1.98E+11
-1.66E-34
-1.34E-06
3.30E+13
-7.54E+31
-8.75E+22
1.29E-10
4.56E+23
9.93E-28
4.74E-08
6.30E-19
8.32E+28
1.98E+31
-3.83E-19
1.94E+27
1.39E+16
1.70E+24
-1.96E+10
8.58E+22
6.65E-15
7.81E+25
5.51E+16
9.91E+20
3.28E+07
-1.25E+08
0.139159
1.12E+35
1.45E+12
-7.32E+31
-1.78E-08
7.90E+13
-837254
-8.04E+27
3.12E+32
5.89E+21
1.91E-09
6.39E+12
67669.2
-1.88E+31
-7.31E-15
1515.56
-9.60E+32
7.29E+19
6.08E+32
7.67E-11
-4.13E+20
3.83E+21
-8.19E+17
-1.15E+14
-1.76E+31
-2.64E+10
8.72E+06
-1.03E+09
-9.65E-15
1.09E+36
6.70E-18
-0.137275
7.52E+21
-4.54E+34
-4.51E+25
2.09E+38
2.95E+15
2.73E+19
1.02E+14
7.36E+14
1.89E+38
-29.1395
1.81E+15
474749
302.61
-3.49E-07
10.2729
-1.05E+10
1.54E-11
-5.19E+28
-9.36E+27
-407.261
125.776
-1.92E+36
1.26E+20
1.27E+29
7.52E+21
-1.33E+26
1.79E+38
1.82E+31
-13357.6
-2.60E+30
1.35E+07
-2.83E+25
-1.28E+24
-5.48E+17
5.37E-24


















































































































































































































































































































































































































































































































