7.85983e+15
0.00186661
9.48065e+17
-5.46691e+29
-4.44436e+27
3.13731e+22
-1.92997e+08
-1.00314e+35
2.10123e+15
2.72067e+31
1.12965e+29
-3.05974e+31
-2.32662e+15
-3.29919e+37
-5.69234e-11
-1.23237e-20
7.49562e-19
5824.62
2.20131e+30
-5.71575e+20
-3.8835e-25
-8.36286e+25
2.57628e+19
2.82071e+28
2.15172e+08
-47.9367
5.21468e+16
8.98346e+28
6.11069e+30
-4.54158e-17
-1.20173e+33
4.44393e+32
-0.534651
1.16277e+32
8.7071e+18
-3.54563e+37
-7.90804e+27
-2.87655e+23
-1.57823e-12
-4.48213e-07
8.09249e+34
-3.99475e-19
1.04106e+28
2.21491e+13
3.17687e-11
-3.54354e+25
1.54843e+35
-6.25312e-15
7.68796e+23
5.17009e-14
1.96209e+15
1.33454e+16
-1.07722e+29
3.82573e+26
3.75229e+17
0.117404
-1.69189e+06
8.86807e+14
-2.04089e+06
9.613e+30
-5.12265e+19
1.36405e+26
2.80978e+18
7.7631e+32
5.07629e-05
2.64555e+27
1.93858e+12
-2.34763e+24
-6.75902e+35
1.60467e-25
-3.7573e+08
2.28436e-33
-0.000208708
-6.82821e+28
-6.32629e+29
1.08437e-09
-4.41654e+25
-6.90969e+19
-7.11901e-08
-1.93353e-14
7.00908e+33
-1.11757e-19
1.711e+06
1.75299e+20
-7.98917e+37
-5.32717e+08
5.79065e+30
-1.39025e+15
2.27385e-05
-2.76635e+14
-4.42195e-13
-1.68265e-21
-6.40799e+37
1.82084e-08
1.45672e+25
5.74876e+08
1.2155e+14
-3.73313e+34
25751.2
4.84789e+07
1.02494e-12
4.96275e+11
-1.33795e+27
1.19599e+33
1.57641e-19
-7.82354e+16
17.369
-3.55845e+17
-4.58564e+22
1.11182e-15
7.54465e+15
-0.000257045
7.10027e+18
1.16352e+34
6.22358e+16
-9.59285e-07
4.41487e+32
-1.96022e+15
-1.90646e+09
5.83459e+20
7.60468e+27
4.03401e+09
5.37789e+11
8.902e+36
4.20952e-13
3.53908e+18
-1.07806e+24
-4.97921e+31
-7.07424e+07
-1.49967e+10
6.75805e-24
7.05102e+16
3.55163e-30
-8.81533e+30
-1.96702e+32
1.17006e-26
-7.19258e+11
5.48858e-18
-1.43479e+30
1.2435e+24
-121144
2.23472e+33
3.978e+23
8.34305e-19
3.85336e+26
-6.68956e+25
3.06092e+19
-1.76146e-13
-2.48242e-17
6.53267e+28
5.25986e+13
-8.15636e+11
-1.10221e+15
-7.91792e+34
-1.6059e-06
1.82704e+30
-5.32485e-06
3184.95
-1.07052e+18
-1.32691e+31
-3.04017e+29
2.91694e+21
3.83771e-18
-1.99477e+10
-1.09433e+38
-1.23239e+20
3.21943e+25
3.50337e+18
-748.85
-7.20714
8.00443e+25
1.22942e-08
-1.42825e+22
-4.38313e-17
-157.363
-1.86976e+34
5.24516e+21
2.53101e-17
-5.18744e-05
5.4183e-20
1.9364e+33
1.02643e+24
-1.36175e+20
-2.13802e-16
-9.05302e-30
-2.35742e-26
4.15455e+20
0.0117872
-1.23126e+22
3.30873e+22
1.6485e-07
1462.9
3.15888e+09
-2.85556
1.81828e+37
-1.86091e+24
3.21636e+21
-2.20246e+07
4.11529e-07
1.32577e-05
8.42977e-31
-20.6726
52267.2
2.09456e+10
6.82907e+07
-1.45595e+31
-1.3768e+25
-4.96022e+28
-7.95753e+19
1.31455e+27
-201.831
-2.13374e+21
2.34099e+11
-5.07082e-29
-1.33607e+15
6.96626e-12
-685.472
1.89922e+22
-1.95101e-21
122.174
3.28459e+06
2.43734e+36
-3.14424e-22
-5.77323e-14
-0.00154681
3.65534e+16
2.59098e+36
1.64047e+10
1540.41
4.96891e-11
-54700.2
-1.06126e+21
1.96417e+08
-7.72061e-14
9.63156e+14
6.9878e+36
2.04641e-13
-2.12369e-27
6.92386e+11
5.44071e+29
-2.14983e+31
-4.7569e+17
6.90808e+37
1.07951e+34
4.48289e+13
5.72789e+19
2.76416e+22
-1.10374e-07
7.97291e+06
9.91524e+17
1.59279e+25
-3.19205e+07
1.67886e+34
1.70335e+19
1.76908e+09
-4.09084e+20
-9.70229e+20
-1.91686e+18
-1.11611e+21
7.84732e+11
1.5039e+25
-4.1246e+36
-5.16676e+33
101178
7.44323e+31
2.50562e-19
-3.14661e-08
6.19413e+09
1.47359e+32
-5.95001e+22
5.4753e+35
2.65326e-20
2.25494e+31
5.69335e+10
-4.16785e+18
-10054.4
-0.000976388
1.46139e+38
1.19182e-09
-2.26533e+36
5.4086e+10
1.57121e+28
-3.59241e+31
-1.54402e+21
1.07354e+16
4.30189e+34
-2.83256e-31
0.3423
-4.37356e+20
-3.38622e+17
2.61686e+11
6.43983e+19
-5.26281e-17
5.5065e-16
6.22677e-18
-3.89717e+31
-3.58533e-16
3.77968e+32
-2.44533e-12
5.21142e+32
4.67645e-11
1.47711e+13
-0.0125301
1.46999e+25
-414.581
1.85929e-16
2.44943e+12
-1.64059e+11
-1.85758e-18
-3.41014e+35
-2.81293e+35
3.82651e+31
-1.02462e-25
5.91333e+32
5.85899e+07
-3.43903e-12
4.18738e+33
-1.76715e-09
-1.25026e+32
4.16046e+20
-1.74803e+28
1.47043e-09
-1.07176e+12
989.777
-1.87544e-22
-0.00087925
-3.26813e+27
-1.89092e+26
3.78423e+34
4.12296e+36
-7.21816e+11
9.9082e+28
-1.1412e+37
-2.34004e+19
1.61079e+29
2.70027e+24
9.06836e+15
8.08735e+13
1.60355e+20
-1.90785e+24
7.51442e+37
1.44319e+20
2.92686e+36
-456.718
-3.11852e+34
4.81265e+32
1.97522e+24
2.19338e+38
-1359.97
-1.00903e-17
-8.77461e-09
-3.79064e+17
1.41344e+23
1.64598e+22
1.18638e+36
1.83246e+19
-1.93948e+13
-4.60632e+27
0.581334
-487490
8.95588e+26
1.91771e+25
-1.80253e+24
1.1186e+32
-1.69013e+16
-0.00748704
5.1864e-18
5.1225e+18
-27.3039
-6.92443e+14
9.51689e+13
-5.51845e-12
1.68472e+26
8.36809e+31
-1.10454e+30
-1.13289e+17
3.05513e+09
-8.49947e+18
5.8034e+23
2.27179e+21
5.88645e-19
7.76109e+31
-1.00293e-23
1.17909e+17
9.38681e+16
-1.51271
-2.71052e-17
2.67396e+26
5.21091e+11
-2.19302e+26
1.25557e+18
-1.76825e+34
7.56406e-23
3.56151e+37
9.50727e+29
2.65088e+29
-1.26532e+14
-2.51136e+26
-7.44656e-14
-1.53271e+29
-1.81744e-10
2.93584e-17
3.99043e+11
1.18362e+23
9.20005e-11
5.85384e+26
7.32121e+06
5.89465e+37
1.97507e+11
-1.66053e-34
-1.3376e-06
3.29508e+13
-7.53598e+31
-8.74881e+22
1.28864e-10
4.55577e+23
9.92789e-28
4.73804e-08
6.29731e-19
8.32301e+28
1.98299e+31
-3.8335e-19
1.94402e+27
1.38517e+16
1.69688e+24
-1.95895e+10
8.58459e+22
6.6486e-15
7.80548e+25
5.51376e+16
9.905e+20
3.28063e+07
-1.24507e+08
0.139159
1.12357e+35
1.45355e+12
-7.31862e+31
-1.78435e-08
7.89855e+13
-837254
-8.04493e+27
3.12061e+32
5.88576e+21
1.91002e-09
6.39141e+12
67669.2
-1.88128e+31
-7.31133e-15
1515.56
-9.60099e+32
7.29452e+19
6.0784e+32
7.67219e-11
-4.13354e+20
3.82717e+21
-8.18693e+17
-1.14678e+14
-1.75955e+31
-2.63957e+10
8.71852e+06
-1.03183e+09
-9.65428e-15
1.08998e+36
6.69595e-18
-0.137275
7.51572e+21
-4.54241e+34
-4.51403e+25
2.09357e+38
2.95422e+15
2.72957e+19
1.01579e+14
7.36495e+14
1.88954e+38
-29.1395
1.80796e+15
474749
302.61
-3.49199e-07
10.2729
-1.04589e+10
1.53564e-11
-5.19422e+28
-9.35809e+27
-407.261
125.776
-1.92457e+36
1.26171e+20
1.26895e+29
7.51584e+21
-1.33322e+26
1.79142e+38
1.8162e+31
-13357.6
-2.59791e+30
1.35385e+07
-2.82517e+25
-1.28179e+24
-5.47562e+17
5.36506e-24
