-0.0261283
0.00186661
9.48065e+17
6.01296e-24
-4.44441e+27
-6.73602e-33
-1.92997e+08
1.07795e-08
1.69747e-36
-0.000122466
1.12965e+29
-3.81999e+10
-2.32662e+15
-3.0023e-28
2.27079e-34
-1.23237e-20
-3.01099e-36
5824.62
-0.352772
-5.71575e+20
3.15103e-28
-8.3628e+25
2.57628e+19
2.82071e+28
-2.60486e-31
7.44465e-20
-185.488
-1.10067e+18
6.11069e+30
-7.22709e-26
2.84333e-10
4.44393e+32
-2.79998e-22
8.63976e-22
8.7071e+18
0.0014408
-7.90804e+27
1.2553e-23
-1.57823e-12
-1.6513e-34
8.09249e+34
-3.99475e-19
1.04106e+28
2.21491e+13
3.17687e-11
-3.54354e+25
-9.95559e+27
-8.37517e-35
-3.12377e+14
2.47008e-31
2.99699e+10
-2.63689e-12
-6.57882e+22
3.82573e+26
3.7538e+17
0.117404
-1.98952e-23
8.86807e+14
-2.04089e+06
9.3182e-21
-5.13159e+19
-3.61654e+16
4.62404e+17
7.7631e+32
-6.58487e-28
2.64555e+27
1.93858e+12
2.74149e-17
-3.40992e+35
1.60467e-25
-3.7573e+08
-4.22565e-37
4.54637e-35
1.35186e-10
-9.57478e+29
1.08437e-09
-1.71654e-05
9.12042e-26
-7.11901e-08
1.23671e-35
49.9993
-1.11757e-19
110.627
1.75299e+20
-2.71517e-29
2.34803e-29
5.79065e+30
3223.01
-2.04429e-07
2.28344e-19
-6.1283e-27
-1.68265e-21
3.21513e+16
1.82084e-08
1.45672e+25
3.24106e+07
-123472
-3.73313e+34
-9.70829e-17
4.84789e+07
-3.86378e-31
4.9951e+11
-1.06081e+27
1.19599e+33
1.39951e-27
-7.81222e+16
6.40573e-26
5.26308
-208986
9.07158e-38
7.54465e+15
3.65504e-24
-7.23141e-15
1.16334e+34
6.22358e+16
-1.35223e-35
4.41487e+32
9.43372e+10
-1.90646e+09
5.83459e+20
7.60468e+27
-0.0231461
-7.51146e+11
8.902e+36
-1.30427e-20
2.60273e-21
1.19811e-23
-4.97921e+31
-5.40578e-28
-1.49967e+10
1.84446e-37
3.3998e+08
3.55167e-30
-52218.1
5.84647e+26
1.17006e-26
-7.19258e+11
5.66445e-18
-1.43479e+30
-0.0157244
-121144
7.85537e-31
3.978e+23
8.34226e-19
3.85336e+26
-6.68956e+25
-1.26263e-35
-1.76146e-13
-2.53554e-17
-4.72434e+25
5.25986e+13
-2.74961e-25
-0.00278574
-7.91792e+34
-1.6059e-06
1.82704e+30
-5.32485e-06
3.01093e-08
-1.07052e+18
-3.24394e+12
-3.04017e+29
-1.02229e+17
-9.18482e-36
-1.99477e+10
-1.69811e-16
-3.1807e-06
3.21943e+25
3.50337e+18
-748.85
-7.20714
-1.04366e-20
-1.91597e-12
-1.42825e+22
-4.38313e-17
-1.16008e-20
-1.36043e+20
5.24516e+21
2.53101e-17
-5.18744e-05
-1.91759e-36
2.205e+33
1.02643e+24
30416.7
1.31134e-20
-9.08053e-30
-2.35742e-26
4.15455e+20
2.40261e-34
-1.50301e-21
-31.2124
1.6485e-07
1462.9
7.10819e-12
-2.85556
-1.96031e-19
-7.01801e+15
2.97108e+07
-2.20246e+07
9.04386e-16
-8.98309e-15
-1.09592e-37
-1.95944e-35
52267.2
2.54877e-23
-2.70469e-37
-1.45595e+31
-1.37568e-25
5.60218e-13
-7.95753e+19
1.31455e+27
3.87169e-24
0.166938
2.3278e+11
-5.07082e-29
-1.33607e+15
6.96626e-12
-685.472
1.89922e+22
-3.68113e-38
1.0889e-18
3.28459e+06
2.43734e+36
4.17773e-35
-5.77323e-14
-7.72767e-33
3.65534e+16
2.59098e+36
5.81721e-25
1540.41
4.96891e-11
-54700.2
-1.06126e+21
1.96417e+08
3.39368e-18
1.88661e-36
3.39325e-36
2.04641e-13
-1.98189e-36
6.92386e+11
5.44071e+29
9.42504e+23
-6.55743e-22
-6.68732e-14
1.07951e+34
3.0782e+08
1.64212e-23
1.20013e-36
-1.10374e-07
-4.72563e-25
-4.03609e-05
1.59279e+25
-3.19205e+07
1.67886e+34
1.70335e+19
-0.000178947
1.03344
-9.70229e+20
-4.32993e-25
-1.11611e+21
-2.66258e-21
-65.3823
6.01271e-30
3.4222e-09
1.41761e-11
7.44323e+31
2.50562e-19
-3.14661e-08
6.19413e+09
1.47359e+32
-5.95001e+22
6.18933e-29
-1.75831e-26
6.55013e+22
-2.67107e-08
-4.16785e+18
-10054.4
-0.000976388
3.67462e-08
1.19182e-09
-362948
5.4086e+10
1.57121e+28
-3.59241e+31
2.07363e-30
3.28395e-20
-5.29077e+23
-2.83256e-31
0.3423
-5.0207e-37
-3.38622e+17
2.61686e+11
-3.13495e-08
4.22422e-35
-4.64785e-33
-2.74973e-29
-1.34902e+25
-3.74471e-16
3.77968e+32
-1.77562e-32
5.08456e+32
4.67645e-11
1.03251e-20
-0.00158603
-4.05185e+07
-414.581
-4.0062e-26
2.44943e+12
-0.00256547
-1.85758e-18
-3.41014e+35
-2.81293e+35
0.000244858
1.97662e-28
-1.0066e+18
-5.89992e-32
-1.10334e-17
9.05092e+25
1.34443e-35
-1.25026e+32
4.16046e+20
-1.74803e+28
1.47043e-09
-1.07176e+12
989.777
-1.87526e-22
2.18072e-37
7.49934e-37
-1.89092e+26
-7.68369e-30
-3.24341e-18
-9.75692e-20
-2.66879e-17
-1.1412e+37
-2.92237e-10
-2.47516e+27
-6.47715e-12
9.06836e+15
8.08735e+13
1.60355e+20
-7.68875e-24
7.51442e+37
1.44319e+20
5.97963e+06
3.89179e-25
2.43438e-22
-2.23946e-34
1.97522e+24
-4.10135e-11
-1359.97
9.68667e-18
-8.77461e-09
-3.79064e+17
1.41344e+23
1.64598e+22
9.63777e-23
1.83246e+19
-1.10749e-29
-4.60632e+27
0.581334
3.42227e-25
4.08467e+20
-1.78884e+18
-1.80253e+24
6349.82
-1.64575e+16
-1.44695e-30
4.29883e-22
4.69941e-21
-27.3039
-6.92443e+14
0.000148335
-6.26628e-37
1.68472e+26
8.36809e+31
4.10981e-12
-1.13888e-11
-3.57267e-18
-8.49948e+18
-1.26405e-12
2.41751e+21
5.88645e-19
7.76109e+31
-1.00293e-23
1.17909e+17
-6.06125e-36
-1.51273
-2.71052e-17
2.67396e+26
1.44871e-12
-2.19302e+26
1.25557e+18
-1.76825e+34
-3.70637e-37
-9.87416e+18
9.50727e+29
2.65088e+29
-1.28229e-05
-2.51136e+26
-7.44656e-14
-1.53271e+29
-1.81744e-10
-1.83297e-23
1.51893e-28
-1.35868e-06
-3.88605e-37
5.85384e+26
-4.46556e-13
5.89465e+37
1.89898e+11
-1.22177e-35
-1.3376e-06
2.01255e-16
-7.53598e+31
1.91835e+14
-2.53355e-13
-8.43759e-15
9.92986e-28
4.73804e-08
6.29731e-19
8.32301e+28
5.02638e-23
-3.8335e-19
-1.55753e-09
1.38517e+16
-1.69496e+08
-1.95895e+10
8.58459e+22
6.6486e-15
7.80548e+25
-1.79439e-34
9.905e+20
3.28063e+07
-1.24507e+08
0.139159
1.12357e+35
1.45355e+12
5.03786e+25
-1.78435e-08
-9.57935e-21
-837254
1.48247e-07
5.03495e+23
2.00915e-13
-5.13714e-31
6.3914e+12
67669.2
-1.88128e+31
2.07777e-18
1515.56
-9.60099e+32
7.29456e+19
2.02871e-22
-4.41367e-18
-4.13354e+20
3.82717e+21
5.75171e-18
-2.1627e+14
8.52648e-30
4.86628e-29
1.82588e+06
-1.03183e+09
-9.65428e-15
1.08998e+36
6.69595e-18
-0.137275
-3068.7
-4.54241e+34
-4.51403e+25
-6.21324e-06
4.53718e-13
-3.00007e-36
-8.74124e-14
7.36495e+14
1.88954e+38
1.442e-37
7.58024e+07
5.52397e-27
302.61
-3.49199e-07
0.000619293
5.86391e-08
2.69453e-21
-5.19422e+28
-9.35809e+27
-407.261
1.80342e-34
-1.92457e+36
-6.21598e-30
-2.70075e-12
-2.66097e-10
-7.01376e+25
-5.18476e-18
4.35054e+08
-13357.6
-2.59791e+30
1.35385e+07
-2.82517e+25
-1.28179e+24
-5.47562e+17
5.36506e-24
