7.85983e+15
5.44972e-15
1.25181e-17
-5.46691e+29
5.4059e+22
3.13731e+22
8.19418e-32
-1.00314e+35
2.10123e+15
2.72067e+31
2.36033e-34
-3.05974e+31
2801.07
-3.29919e+37
-5.69234e-11
-1.57319e-32
7.49562e-19
-3.44768e-22
2.20131e+30
-1.56116e-27
-3.88665e-25
-5.87708e+20
-0.155974
-1.11283e+21
2.15172e+08
-47.9367
5.21468e+16
8.98346e+28
3.01807e+12
-4.54158e-17
-1.20173e+33
1.43997e-08
-0.534651
1.16277e+32
6.7548e+11
-3.54563e+37
-4.27604e-31
-2.87655e+23
-5.85546e-33
-4.48213e-07
8.9639e+22
8.69836e-26
-4.44554e-22
-1.01726e-19
1.93571e-32
-4.0204e+09
1.54843e+35
-6.25312e-15
7.68796e+23
5.17009e-14
1.96206e+15
1.33454e+16
-1.07722e+29
3.69967e-30
-1.50785e+14
-1.32195e-23
-1.69189e+06
2.90779e-29
7.57694e-06
9.613e+30
8.93954e+16
1.36405e+26
2.34737e+18
-4.0293e+14
5.07629e-05
2.52864e-16
9.78975e-22
-2.34763e+24
-3.3491e+35
-1.77766e-35
-1.56966e-21
2.28478e-33
-0.000208708
-6.82821e+28
3.24849e+29
-4.84408e-23
-4.41654e+25
-6.90969e+19
-2.34597e-22
-1.93353e-14
7.00908e+33
2.65526e-30
1.71089e+06
6.35015e-09
-7.98917e+37
-5.32717e+08
-7.22818e-38
-1.39025e+15
2.29429e-05
-2.76635e+14
-4.42195e-13
7.51039e-38
-6.40799e+37
1.75564e-19
3.84115e-19
5.42465e+08
1.2155e+14
1.52861e+14
25751.2
1.24794e-29
1.02494e-12
-3.23469e+09
-2.77131e+26
-76.8374
1.57641e-19
-1.13118e+14
17.369
-3.55845e+17
-4.58564e+22
1.11182e-15
-3.23916e-08
-0.000257045
7.10027e+18
1.76694e+30
1.82112e+06
-9.59285e-07
3.00902e-38
-1.96031e+15
-3.13875e-27
3.39398e-19
3.04434e-15
4.03401e+09
1.28894e+12
-6.98297e+09
4.20952e-13
3.53908e+18
-1.07806e+24
-9.74115e-13
-7.07424e+07
2.01558e-24
6.75805e-24
7.05102e+16
-4.36367e-35
-8.81533e+30
-1.96703e+32
3.90404e-33
0.128123
-1.75866e-19
-1.07281e-27
1.2435e+24
2.02099e-31
2.23472e+33
2.529e-31
7.90693e-23
-1.42173e+09
4.23926e+19
3.06092e+19
-5.41499e-30
5.3127e-19
6.53739e+28
-3.14022e-19
-8.15636e+11
-1.10221e+15
-1.59193e-05
3.43128e-30
2.66595e-11
6.27388e-24
3184.95
10826.5
-1.32691e+31
-5.41194e-09
2.91704e+21
3.83771e-18
-6.79297e-26
-1.09433e+38
-1.23239e+20
-1.44884e-31
-3.64809
-1.99118e-28
-4.35783e-07
8.00443e+25
1.22961e-08
1.99272e-19
4.36749e-33
-157.363
-1.86976e+34
1.94632e-16
-2.68829e-37
3.14904e-31
5.4183e-20
-2.68597e+32
-0.0568537
-1.36175e+20
-2.13815e-16
2.75162e-32
3.2708e-32
1.72196e-06
0.0117872
-1.23126e+22
3.30873e+22
-2.74967e-33
4.69144e-29
3.15888e+09
-5.6289e-14
1.81828e+37
-1.86091e+24
3.21636e+21
9.71635e-24
4.11529e-07
1.32577e-05
8.42977e-31
-20.6726
-5.44e-15
2.09456e+10
6.82907e+07
1.04356e+22
-1.3768e+25
-4.96022e+28
0.121358
-0.0158077
-201.831
-2.13374e+21
1.31918e+09
-1.29481e-35
5.63633e-15
-4.95843e-22
1.12832e-11
-9.6912e-30
-1.95101e-21
122.174
1.13874e-33
-3.97072e-16
-3.14424e-22
-2.97759e-34
-0.00154681
-1.93218e+08
-1.66801e-10
1.64047e+10
-4.2731e-26
2.26263e-32
2.04121e-38
-5.72921e-38
-3.26001e-24
-7.72095e-14
9.63156e+14
6.9878e+36
1.18352e-33
-2.12369e-27
-1.61605e-37
-2.9342e-36
-2.14983e+31
-4.7569e+17
6.90808e+37
-1.88043e-13
4.48286e+13
5.72789e+19
2.76416e+22
-3.25192e-28
7.97291e+06
9.91524e+17
1.7832e-07
1.06585e-11
-6.45312e+19
1.25152e-27
1.76908e+09
-4.09084e+20
-7.73975e+11
-1.91686e+18
-8.55578e-11
7.84732e+11
1.5039e+25
-4.1246e+36
-5.16676e+33
101178
-8.8716e+21
-2.4878e-30
3.77028e-22
8.71529e-07
-6.77781e+10
-1.88751e-37
5.4753e+35
2.65326e-20
2.25494e+31
5.69335e+10
-9.68594e-08
5.5191e-09
5.02259e-24
1.46139e+38
-2.12399e-32
-2.26533e+36
2.162e-28
2.04366e-18
3.5137e+19
-1.54402e+21
1.07354e+16
4.30189e+34
-2.26823e-37
1.03734e-10
-4.37356e+20
-9.35665e-26
-0.134768
6.43983e+19
-5.26281e-17
5.5065e-16
6.22677e-18
-3.89717e+31
1.59384e-17
3.78098e-13
-2.44533e-12
1.26857e+31
2.76834e-17
1.47711e+13
-0.010944
1.46999e+25
4.6621e-07
1.85929e-16
-2.24111e-24
-1.64059e+11
-4.06991e-25
-1.42383e+13
-0.0121823
3.82651e+31
-1.0266e-25
5.91333e+32
5.85899e+07
-3.43902e-12
4.18738e+33
-1.76715e-09
-2.51194e-06
0.00101467
-7336.57
2.31535e-15
-8.49559e-27
6.27906e-13
-1.83591e-26
-0.00087925
-3.26813e+27
1.45849
3.78423e+34
4.12296e+36
-7.21816e+11
9.9082e+28
1.83955e+14
-2.34004e+19
1.63554e+29
2.70027e+24
2.36138e-06
-2.81502e-25
1.93e-11
-1.90785e+24
-1.85748e+28
2.2612e-23
2.92686e+36
-456.718
-3.11852e+34
4.81265e+32
4.00904e+06
2.19338e+38
-5.76478e-13
-1.9777e-17
4.03187e-26
-6.5746e-06
-0.00104748
-6.70042e-28
1.18638e+36
1.28001e-25
-1.93948e+13
-0.00921003
-4.49947e-33
-487490
8.95587e+26
1.91771e+25
-1.02222e+07
1.1186e+32
-4.43783e+14
-0.00748704
5.18597e-18
5.1225e+18
-1.0709e-30
1.03309e-21
9.51689e+13
-5.51845e-12
2.93473e-12
5.37888e+11
-1.10454e+30
-1.13289e+17
3.05513e+09
5.41872e+12
5.8034e+23
-1.4572e+20
7.57892e-38
4.92709e+07
-1.59273e-32
1.08634e-14
9.38681e+16
2.23818e-05
3.28413e-31
2.36127e-12
5.21091e+11
2.21364e-30
0.000704725
2.28487e+27
7.56406e-23
3.56151e+37
-1.83536e-10
1.01671e+21
-1.26532e+14
-2.71883e+18
-1.58329e-33
-2.26878e-15
3.9153e-29
2.93584e-17
3.99043e+11
1.18362e+23
9.20005e-11
-1.57723e-18
7.32121e+06
-1.0316e+19
7.60979e+09
-1.53835e-34
1.17039e-29
3.29508e+13
6.33824e+08
-8.74881e+22
1.29117e-10
4.55577e+23
-1.96487e-31
-2.59933e-22
4.55528e-29
1.97917e+16
1.98299e+31
5.49107e-36
1.94402e+27
-1.44681e-16
1.69688e+24
10747
-0
-4.93216e-27
7.54421e-27
5.51376e+16
-2.72426e-35
-0.000970546
4.5249e-25
8.7475e-24
6.42732e+14
2.58914e-27
-7.31863e+31
8.63926e-30
7.89855e+13
-8.21838e-21
-8.04493e+27
3.12061e+32
5.88576e+21
1.91002e-09
7.22866e+06
-1.01781e-14
2.54496e-25
-7.31341e-15
0.000160108
3.47551e-07
-3.69553e+14
6.0784e+32
7.67219e-11
-2.64919e-14
15.0687
-8.18693e+17
1.01592e+14
-1.75955e+31
-2.63957e+10
6.89264e+06
2.26631e-14
3.98247e-24
-1.16976e-32
2.17954e-26
5.91371e-15
7.51572e+21
5.17714e-24
-523078
2.09357e+38
2.95422e+15
2.72957e+19
1.01579e+14
-1.03424e-35
9.66593e-12
-29.1395
1.80796e+15
474749
6.29274e-24
-4.9203e-17
10.2723
-1.04589e+10
1.53564e-11
-1.98146e-33
2.6665e-32
-3.77642e-34
125.776
5.23147e-17
1.26171e+20
1.26895e+29
7.51584e+21
-6.3184e+25
1.79142e+38
1.8162e+31
2.07698e-29
-1.49813e-34
4.71605e-11
2885.95
-7.388e-32
-1.44909e-17
-1.70819e-30
