01011001110111110110001111000110
00100111110001000101100011010011
00100011011001101110101011111001
11110000110111001100111010001000
01100101001101110010100010101101
01100100110101001001011110101110
00001011110101001011101110100100
11111001100110101000111011010101
01011000111011101110000111110110
01110011101010111011001010111011
00000111100111001101111011101011
11110011110000010001100011000101
01000101001011110001000100100110
11111101110001101001000000001110
10101110011110100101101000001100
10001010101000110101111010011011
00100001010111010011101101000110
10011011110100000110011001000110
01110001110111100100011001101001
10010010111101110110000001011101
10010110111100001001001001110101
11100001111111101110000010101011
10111110000111111011011110110101
11100010011100010100111001100101
01001101010011010011010001001011
11000010001111111011111100110110
01011011001110010100001101000100
01101111100100010010001010111100
01010100001011111010110011001001
10100100010100010111000110000001
11110110011011001111111111111110
00110010011101110110001010100010
10111111000010001101111011011100
01110100101101110111001111111111
01010011000111010100010111000010
11111101110101010110010100100011
10001101000010101100001111111011
11100110011100111010011100111000
10001001111100110011100111101101
10110100111100001010000111110100
01100101100101111101101010110110
00010101110101110101110001101101
10011100000001100101101110101101
10011111111100000011000111000011
00001010110010010000001111011110
11001111011011111010001001111010
01111001111011101001001011001111
10100111111000010100101011100001
01100111001000101100110001111101
00101001011010001101011100001011
01011000110111110000111101110110
01011010001111011010011001100010
11101111101011100000100011010111
00001110100101100001001110011110
11010111000010010010001101100001
10011001011111111011001110110101
11001001110011101000011110011100
00010000000100110111000101010010
00110110111111100011110101101000
01110010111100101010101010001101
01011011100111101100110001010100
01101010111000011010100111010110
01011110000000100100111000101001
11010111101101110011101100110100
00111000010101001110101000110010
00100101100100011100010000100000
00011100100100111111000001000100
11100111111110001001000010011000
11111010100000010000000010101110
10000101101111010000100010001100
10011100111011010011001101111000
00001001001111011100111111101101
10111001010110101101100011000010
11101111010111001010000110100101
01110000100000110011010010011011
10011010011010100011111011001110
11101010000100100010000110001101
11100000011011111011101001100111
10011011100011011100111000011100
10101000101011100010100000111100
01110111101011001100100101111111
00001110010101110110101110001010
01001001110100001101100101101101
00110001110110100011000010001011
11111110011100000110101001010001
11001101111111100000010011111000
10000001110001001100010100010011
11011000100111100000110110011100
00110111110000000111010110001001
11010111011110111001100100110001
10101010111110001110111011111010
00000001110011000111001111001111
11111110010000001101010101010110
00100000010011110100010100001101
00100000111000101011110111100010
01001110000000010101010101101111
01010110110111010001100100011111
01010111000010110000011011000111
01000110110010010010111001010100
00001111011111010001110100000000
00101011100100000011111101100100
11001111010000001100110101101110
11101011011001010011110011001100
11000010100110011010110011000101
00100000001110100001110000001000
11010110110011011100001011000001
01000001100010101111001110110000
11011100100111100000011011101000
11100101000110110101111000010111
00100110101000000011101010111111
10110011000010110001111011100011
10111001100001101100010000000001
01011110110001010001001001111100
01110001101100100110101000111111
01001001110111100100110111100011
10110101100000001100000011001011
00000001001000111101001110100010
11011000110111101101110010010011
10010011011110001010110110000010
00100000110010000101100001011011
00100111010110110101111000110000
01001111011100000111001000100100
01010011100101100000110101000010
11001111110100000001101111011101
00101010111011001111100110011000
01011110010001000111010101011010
11100111011001000100100110011010
10101011100010010001100000110000
11001100100001101110111000101100
00011000000110111111001010100100
00011001000000101011100001000010
01011011011110101000000010110000
10000110011010000000001100100111
11110010110111101000011110111000
11110101000110110010101111001111
00001001101000100010101011010101
00111110000000110011001010101111
10100000010011111010000001000111
10010010101010011111111001000110
01100111100000111010100100100100
00001100100000110010101101100000
01110110110111000101110001001111
00001100101001000010010000101011
00011010101111110010110101111111
11001110101010010111101110011100
01100000000100110001010000110100
01011111110101000110010011011001
10001110110110111010100010000001
00100001000111001100110110100111
01101111010100110011110000001011
10100000101110010101110110100101
11010011001111011110011110101111
11011000011110101001110011011000
10110111100001011000101001111111
00001110100010110011000001111001
00101101111010100111111111101110
00011000111100101011010101111011
01000101010001110000111100110000
01000110001010010010101000101011
11110011001001110111101011001110
10110001101110011111001111101000
01100011000111100010001000010110
00100010100011011001011000101011
10010101101010000010111110001110
11111110101001001010100000011110
11100000110101011100100100111010
10001100001111000001001000100000
11000000011010010111101001001000
10010001011111000110100110010010
10110100111010011111010110001000
01101010100001000110110000010010
00110010010100110011111100000110
00100000011010110100001000101011
00001001101101010110101100100010
11000011000111010101110011010111
11111000011001100111011101001110
00100101011000000110010100110110
10000010101101101111010010011100
00001100110011000110001001110110
00011111011111111101111101000110
11110101010100111110001011000100
10111101011010001101111101101100
11100000111011000011100111101000
10100101011101101000001100010010
00001011000011101101111101001000
00001011001010011101010001101101
00110101111001110001111000010000
00111100010000010001111101001100
11100100001001101101110111100101
01100100111000000011010101100010
10001001011001000110111100000100
00010000011011011110001001011011
01001111001111000100100010100010
10101001011111011000000011011000
01111101010110101101111000000000
11100111110001010000100000000001
01100011001011100101101111110110
00011001001110111111000100001100
00110100110111001111000000010010
00110111010111100110110110010011
00001101100010001100011111101010
11000001101001010110000101111010
10100111110000111111111100101000
01010000100111000000111010001011
01001100100000100100000100010110
01100100000011010110110110101001
11101001001101100011011110100011
11101111001000000100010111111101
00111101111110001000101001110100
10111100100000010111111100101101
11000011010010011101010011001010
11100010111001110101011100110100
01001110100111010100001000001000
10000101100010011011000000100101
00100111110010110001001000000010
10011100000101011101110000001000
00101101010001100111111100110110
10001111010001001000111110011100
10011101000100110110101000011011
01000010111101000101100100010100
00001000101111010011010010011011
10100101111001001110010110001110
10011011101111100000111011001100
10000111110001011110010100011000
10111010110010101011111001111100
11001101001110000100010001011000
10101111001101110110011001011000
01010000011101000111001011001001
10010101010100111001011111101100
00001010111010101111011100000000
00000000110111100100010010010110
10000001100110111111011010111100
10011000011111000011101100011000
10101001101011011101110000111100
01011000010110101111111100010010
01111100101010000011100110011111
00001000110001001010010110000110
10010011001010000100000110010111
10000010010110111111011101000110
10000100011110011001110100110111
11110011100001111010110001100011
11011100110100110011111110110111
01111110010011111110000111110010
10101010010100111011011110110001
01010110001000110001010111011011
01100000010001101011100111011101
01100100101110110100111001111011
10010001110011100001110101011111
01001010111100110101000001010100
01011101010111000010100110011101
00110100001111110111100000101111
00101101001110111000000110101001
11100000010111111110001100110111
00010010110001100100111111010111
01001110110100101110001111101011
11100001101100010110100101111000
11010011001101000011010001111110
11011101110101001101000001111000
10101110101111000010010011001000
01010011001101101011010110100110
01101001010001110000101000101001
11111100010001101001011110100010
11110111011111101011110110100101
01000111110001011001110011010000
11100011111100000111011100010010
10001110010010011101010110001100
00011011111000111110011001010010
00110101011010011111001011111101
11010001011111000111111001000011
10000010100000000111010100100011
01111010110100101110011010010111
00011110111110101001011111100010
01110011100011100100111010010101
01010001010101000001100000010000
10110011110100000000000100000010
00110001101111011010001001111011
00011000110000100100110101011100
01111110110110111110001010111011
10001010110111001001000101011110
11111011110110100010010010100011
00010001100010010000100001100000
00100010000101101100101110010010
01011111111100111100111111011010
11100010101001110110011101001100
01011010000110001000111100101100
01111001000001001000111111110011
10000010100110100101111000110001
00101110111001000001110011100110
11100001101111011010110001000010
10010101111001111010100011001100
10111110000010100000000010000001
01100000010111110110110100100011
10100100011100101011010001001111
00100110000111101011011011001011
00100010111001011011101000110000
11110011111101011111001000101110
00100011100100110000000101110010
00101010110101001101100110110011
10101100001011000001001100010001
01110011001000000001110111011011
00100011111111110101010101111001
01010101010101101111001010100000
10111100001100110100111010010000
01101001010000101000110100001001
00110100111110100100101101110010
00100101010101100101110010110010
10011000001011010110010111010111
11010010000110001100101010011101
10010110111110111110101001000011
11010101010011110011000110100011
10111100010001111001100001011000
01110011111100010111110010100110
10010101111111100010110001100011
01110101111010010011110101011101
01001100010111111000000010101001
10101100011100011111111111101110
01110111010011100111010000011011
10110000111100101110000000110011
10110110001010001001001010111010
00111010100001001111111010001101
11000101111001010100010010001100
00100111001001101101011010011011
10010100001010000100010111001000
00101011001100001011110101101101
10010100101101011101000111101100
10111010011001100111110101110100
11101101001010001111010101001000
00111111101110101010111111100000
01111000111010010011100010010110
01111100010001101000001101100001
11010011001010000000111110011000
01101111101000000001001101011101
01010111001001110100111001100110
11011111101000100101111101110111
01110000000001000001111000111000
01101000000011101111001110000000
00110110000111100111100000110110
10010110101011100011110111010000
00101101101010011100001110100100
11100111110010100000000001000001
11101110011100000001001011011100
00011001110110101011000010101000
01111100000011001110110001011011
11000011111001000101101111011001
11111000110000000011000110010101
01110101101111011101001101010000
01001010011101001011000101001011
01111111001001010000001011110000
10101011001000100100001110010111
10100011101101100110100100001010
00010101010001111010011000010100
10110110110111001001101101100101
10111010100010010100101110101111
10010010010101000101100001000010
01111011011001000111110100110011
00010110000111100111010100000110
11010101100011010001110110011100
10111100000101101110010110101100
10001001101110101110011010001110
11001000111011100000100001000101
01101100001110010011001111111101
01101001011111011100111010101110
11001011000110111111101001010111
01110100101100000111101111000011
11010111110010011100111100110001
10111011111101010101010111010011
00100010101111110101010000100000
01011110100011100010110110010011
10001101101011011100001101011000
00011100100111000001110111001011
01010110101011010001110001111000
10101100110000100010100111001001
00101100010011101000001101011000
01010010111110100111100100111111
11110001010111110000111110000001
11011011110010010011110111111100
01001111001101100001100110001110
01010100100111011011010010011111
01100110111101011100100010100000
11100000111111001100100010110110
00000001110011100101000101010110
01001100001110111111010000100000
10001010101001010110011000001000
00101000010000111011001011001000
01011011101001101011111001001000
00110111101110111100000010010010
00001100110101010010011011110000
00101100001001100010100011011000
01010010111100101010011011101101
00001110001100111001011101110001
00111010001110001011110101001010
01101100111011000011111111100100
00011010101101101110001101000000
01111101110101100101100110111011
10101111010010011100110011101000
01100010010111000111011100000000
11010110111001100010100100100011
11011110000101101110110011011101
10001001000000111000100011110101
10100111001000110111101110011010
00010000010001101000011101111000
00100100000001110110010001001001
01010010101110011101000110100110
01100101110010001000001100101001
00101110110010100100111110101111
10100001111010001100001000010001
01001010110111110110110011111011
11011111000011110010100111001111
01001111111000101100101000011100
10000111010011000111101101101100
00001111011011010110001000010010
01010101111011111011111110010111
01001110000101110001110110001011
11100101100101000011010111101010
00101111000011011111011100111001
01100110110000001111000111001010
10001100011111110000111000000100
10011011100111010001111011000001
00010000011001101111101011011011
01011010100011001010000011101010
01110011011110100100100110110110
00000100111010011001000001110011
01101100110010010000000111001111
10100101001001101100111001000111
01100111101100111010100111100110
01000110001001111110101111110000
10000000010101010010011100000000
10010011110000110110001000000001
00010100000101010110110110110011
01011011010000111110001101011101
10000110000100001101100010100111
10111010011111100110110001000011
00010111000011000000100111111001
00011001001010010011001110001011
01011000000100100010001111101011
00010011010011010010000111100110
11110100011001101110111101100101
00001111001011110011100110011001
01010110100011111010110010000001
10011110000110110011110110100110
11101101110011111111010011011110
01110101011101100010110000111100
01100011100111111000100010101101
00110001000000110100000101111001
01001010110111001001100111101101
10101000001101110101100111111100
00010110100111011000011001110110
10101000000000111011111100100011
00111001001001111110001010011101
00110100101110101001011100011101
11010111101010000000110110011100
01110101111011111100000000101100
00101110101010001011011010010110
10101000111011101001111000101000
01000001011100010001100101110010
11011101001101011100100101001101
01010110101110001100101101110000
11110011010111100001011000000001
11010000110001001010100110111110
01001010110100100101100011000101
00101000110011000010000110101010
00011000100110100001000010000100
10001010011100101111001101100000
00010100110101111101100111101100
00100111110101010001000001011011
01100011110010111011011011001110
00011000110010000100011111100001
11001000111111110110100011000111
01111111000111011000000010011101
01011001001001111110110110011101
01011111101111010110011011100111
01010110101110001100010101110001
10000101010110111111010101001011
00101101001010100000101101111100
11000001111010010001110111000101
01011000110011011000101010101111
01001000111001111100111110101000
00011000111100110111000001000000
10100100011000101110100010011010
01000001001001000101101101011011
11010000000110111101100110110001
00101101100001110001001110010110
10001001001001001001110011110001
00001011000010100111001111011000
10000111111110101111110001111110
01000010111110111000110101111001
00100100011100010100001000111101
01100000110110101101111101010000
01101111110011010000001010110100
01100011110010111011011110011001
11101010010100010000111011100111
01111111000001101100010101101101
01110011011001010011110010001011
00001111110100101010000101111001
10000111010001110010001010100101
00101110010011110110101000000000
01000101001101000101111101000000
10001011101111111100110110110111
10100011100001011010011110011110
10001110000010101001010110101001



