11010111001110101100011100011011
00100011001110111010011001011110
01000001001111011110001100100110
11001010010010001010001100000011
11111111100000000000000000000000
10101111011010000101110000011101
10011001100110001111001011000111
11101100010111111001110101000101
00011101100001101011111111010011
11101101001011000100000100101101
00110111110111111010101101011101
01111111100000000000000000000000
11011110101101001110001000110011
01010000000100111001100100100100
10000000000000000000000000001001
00000000000000000000000000000000
10000000000000000000000000000000
10100010000101000010110011000100
11110001000111001101001100011101
00110101011011111000011111101101
10000000000000000000000000000000
01111111100000000000000000000000
11011110010111110000111111111101
11111111100000000000000000000000
10011010100001111000010011010100
10100010100000111010100110011111
11011111000001100011101111110000
11111111100000000000000000000000
01111111100000000000000000000000
00000000000000000000100100100110
11100110100100001011011001100001
01101000101010010110001000110101
00011011001101001111101000101010
01010001101110110001111101100010
01110010100101000111100000011101
11111001000111010110101101000110
00111011010111011001110001100011
11000000011001110001100110000010
00000000000000000000000000000111
00000000000000001100111001010010
01111111100000000000000000000000
10000000000000000000000000011001
11001010100011010011110011001111
10110110000101110011010010111001
00000000000000000000000110110111
01111001110110111000000001101011
11111111100000000000000000000000
00000000000000000000000000000000
11111111001101001010101111110110
00000000000000000000000000001001
01101010010000101000111111101101
11000111000010010111011001101000
01111111100000000000000000000000
00111010101110011000010011011011
11110100001100101001101001111011
10010111111100000010101000001110
00100100000110110011101100111111
00101000111010000100001110100011
11000001011101110110101101001011
01010001101001101101100100010100
11111100010111001110000000100000
11111111100000000000000000000000
01111011010100010000110000001111
11111111100000000000000000000000
10001011001011011000111110101011
01010011000110111100000101110000
00110001000000100110101011100011
11001100011101011000001110011001
01111111100000000000000000000000
10000000000000000000000000000000
00101011001001100000000101100010
10000000000000000000000000000000
10000000011001110101001010001000
11011111000000000001101001010010
11111111100000000000000000000000
10001011100010000101111010010101
01100010001001000110001111101111
10110110110100110111010100101000
00001111101010010101111000110010
10000000000000000000000000000000
01111010100001101111110011110100
10000000000000000000000000000000
01001101001101001000000010001111
01010011100000011001011100110110
01001111000000010100101101010111
10011110011011000100011010101110
10110100111000001011011001000010
11011110011110001011101111101011
10101100101001010000010110011011
10111000100001000111100100011110
00000000000111011000001000011010
10000000000000000000000000000000
11111111100000000000000000000000
00010011011111010100010111000111
01001010101010101100001010010111
01011010011110011101100110011001
11011111010100000100011100111000
11111111100000000000000000000000
10101100001011111110101111110100
00011100001101101101100011001011
10000000000000000000000100011011
11100010101011110010111001001101
01111111100000000000000000000000
11111001100011011001011011010111
00000000000000000000000000000000
01110010110111110001010000010000
00010111101011000010101100001110
11011101110011111110110101010100
01101101111101111011100101101001
00000000000000000000000000000000
11001101011010010000111111001011
10010010100101001101111100001010
11000111010010001001000100000011
01111111100000000000000000000000
01100101110000000000000011001011
00000000000000000010010000101001
00110111010111101110000000111011
11101011000110001111100010000010
00100010110111001100010001100100
01000011010001100000011001010001
01010101101010000111001010001011
11001100101100100001011110001101
11100111010011010000010100010011
11111111100000000000000000000000
10001001111001000000111110011000
00111100000101101110101011010011
11000001010011101010100100110100
01100000001010000100011110000011
00011111001101001001011110000000
10101001000010000010000101000101
00000000000000000000000000000000
01101001100111101010001001001011
10000000000000000000000000000000
01111010101100010100111100001010
11111111100000000000000000000000
00000000000000000000000000000000
11010001101010111010011000111101
10000011101010010111110111110110
01000100110000000110100000100100
11100100100001000111111110000111
10010100111100100111011111001011
01000100110110110110111010010101
00110011110110000000101101010000
00000000000000001011011111100000
11111010110100110000010101100100
11111111100000000000000000000000
10100101110111101100101010100110
00000000000000000000001010101001
10000101100011110011111001110000
11111111100000000000000000000000
10110111100010101000111000110101
00101010011111001000000011101010
01010100001100101011100101100001
01110001011111101000110101001101
10000100111010100110000111011101
01100000001010001111110101010000
10010000001010010110010101100011
00111000110010010001110000000010
11100100000111010001001100011100
01111111100000000000000000000000
01100010101100100110001011101000
11111111011000000101100001000110
10000000000000000000000000000000
00100110110000110100100000101000
01100100011110111101100001111100
01010111101100100100000101011011
10110110100111001000001101100001
11011111001100010101110111000101
00010110001110001001011011000100
00110110010100101100010110100110
11001001010010111111001111110001
10011110110111101000001001011100
11000101001100011110000110001010
10000000000000000000000000000000
00100010000001101011001100110100
01111111100000000000000000000000
01001001011110010011110010110110
10000000000000000000000000000000
10000101101011011011010101011011
10000000000000000000000000000000
11111111100000000000000000000000
11100101010001011011011111101100
11101000010110110100011010011001
10000100011011101000011000101100
10000000000000000000000000000000
10000000000000000000000000000000
01011000001000101010100110001101
00000100011100001110101111101001
01000001100101000000110000111111
11100111010110101011000010101000
10000000000001001110111110010001
00010101101010011110101111110101
00111100101101111111000100111000
00101010001101001111100100111111
11011110010001011101110011110111
01111111100000000000000000000000
01101111100110100110001011100111
10100101011101101011100100101001
00011011111000001111100000110001
10100000000011001001101001100110
10000000000000000000000000000000
00001000000001101001101101001110
10101111100111000101000001101001
00101011000101100100010000111110
10001111101110110101000000100101
11111111100000000000000000000000
00111111111100100110111110011110
11011010110001010111001000100001
11011111000001100000010011011110
11101001100010011000001011001010
10011100011011000010110000010011
11100001100110100111101001010011
01100001100001010010110001110101
00000000000000000000000000000000
11000000111100001111100111101110
10001001100011110111101100010001
10110010000001001101111111111111
10110100010001011010000101001110
00000000000000000000000000000000
00100101000110010110000011100110
00010011100101000010101100000010
11100010010100011101101111010100
10000000000000000000000000000000
00000000000000000000000000000000
00000101011111100011011111001100
11101000101110101111001100100110
11101011101100101011111010111110
00101000001010111110100100000011
10011010100111110010011001110110
00000000000000000000001100100010
10001000101110011000010010011010
00100100100011000011001011100110
10100110001110001000111101001101
10001100101010100001000000110100
00011101000010010100101111011001
01000001101111011011000011001100
00000000000000000000000000000000
00000000000000000000000000000000
10010110000010101000010001101100
10110101110101100100010001100010
11111111100000000000000000000000
00111001101000111000101010010100
11101000011101001000111111111110
11100010110111000001011001100101
01100100001110110000001101010101
00111010011101101001000111110110
00101001000101010110011010001011
00000110001111101101011010010010
10100010100010110000000011100110
11010110000100011001011001100011
01011110000111011010101010001101
10111001101100100110000000110110
11111111100000000000000000000000
00110010101101110001111001111110
11001000100110101001001101010110
11100001101101110101100000010110
01110110000101000001100001101101
00110101010111101100110001000011
01010001101100011101111001000111
10110001000011111001010100111101
11101100010010110101011010101001
11001011101111010011010110001100
11101001011010100000001111001010
00110101110000001000001001101110
11111111100000000000000000000000
10000000000000000000000000000000
10001111011100001001111101111011
01000101101010001011001011011110
11111111100000000000000000000000
00101000010010100101000010100010
01001100000000010100011000101000
10000000000000000000000000000000
01111111100000000000000000000000
11000100101111100001011110011011
01010010101110111111110000110011
10111000011010001011111100001000
10010011110000100100010001111110
01110010100001111000111100101001
10000000000000000100011010010001
01111111100000000000000000000000
00100011010101111011010001100001
01010000111011110011110100110110
11111111100000000000000000000000
10110001010111000000010110001011
00111001101110001101010111000010
11111111100000000000000000000000
00000000000000000000000000000000
00101110000111000010101010000010
00100101011111010010100110000101
00110011000010000001010010010100
11010001000000110110000100001110
11010011111010110000011001110001
10000000000000000000000000000000
10000000000000000000000000000000
10000000000000000000000000000000
01111111100000000000000000000000
10001001111101111110101110011100
01100000111101111110100001001010
00000000000000000000000000011111
01111111100000000000000000000000
00010010110011010010001100100001
00110100001000111100001010001100
00110111100100011001101100011001
11110101111010101110110111001011
10111001010010101010101110111010
10000000000000000001010011000100
10101100110000010010010010100010
01001101110010001011000111010011
00000000000000000000001000011100
01111111100000000000000000000000
01110111001010001111010001000100
01101101111100100011001001100110
10000000000000000000000000000000
11111111100000000000000000000000
10011000100001011011101000001110
00010000010000000110011001010101
01111111100000000000000000000000
10000000000000000000000000010001
01101011100000011110010000011101
01011100101110110111100010110101
01110100110010100101010111010001
00011000100000111011010100100000
00101000001001000000011001110000
00110000001010101101010101000111
00000000000000000000000000000000
10000000000000100001011001111110
10110001001010000110110001001001
11101011011001000010000011000111
11001000100011011111101000001111
11011111001110011001010001110101
00110011100101110011110110100111
11010100000110011110101100000001
11111111100000000000000000000000
01001111110010111100110101010011
11111111100000000000000000000000
11010101011111101000001110001100
01010000100111111000101110101100
10101101110010000100000010100111
01001111001110000111011101111010
01000001011010101011010000000100
11111111100000000000000000000000
00111011010101011101110111111001
01111111100000000000000000000000
10011011010101101110000101110010
11010100110111001111001000111010
10111101110111001011101001000101
01110010110001111110010111001000
11101101111010001000100101011111
00110000010101111000000010010000
10000111011111101010010011101011
10000111111010110010000011001000
01010100000100010001000010010001
11100001000000000110101011011101
10110111001110010000100000011101
01010110110011111111110000011001
00110110000111010110100001110000
00100101011101111010010001110011
01101010000011000101111011011010
10001001010110010100110110011101
10100000010001001111010111110101
01111111100000000000000000000000
11111111100000000000000000000000
01110011011010001001000011010001
01111011000010001100101111101101
01110010101110000101111000101101
00001010011000010000000000101000
00000000000110000100011010001101
00111100110001010011010000101000
00010000000101000100001100111001
10110101010000000000011011111110
01010000010100100101101110001011
00000000000000000000000000000000
01010111111000001101010111101111
01111111100000000000000000000000
11011110011110111111110110011111
01001001100111010111111110101010
10110010001110111000010010001111
11110100000100010101001111111100
11010011001010101100110010011001
11111111100000000000000000000000
00000000000000000000000000000000
01111111100000000000000000000000
00000000000000000000000000000000
01000100101000000001110010010101
10100001001001111110110100111110
10111000000011100000001001011111
10000000000000000000000000000000
01011000000011111000111111110111
00111111010000010100000111000010
10111001111111101000010010000111
01011000010010010010111111100001
11111111100000000000000000000000
10000000000000000000000000000000
11111111100000000000000000000000
11100001000101110101100101000000
01111111100000000000000000000000
01001110110000010110101011111101
01111111100000000000000000000000
00000000000000000000000000000000
01010111100111100010000111110100
10000000010011010111110000001011
10000000000001011101110000010111
00100100100010111100001100000111
11011100000011101101010100100010
10000000000000000000000000000000
11001110010111000010000011100101
10110110010110110110011010101011
11111111100000000000000000000000
01100010100111001010110100001100
00000000000000000000000000000000
10000101101001100111100100111011
00111011110110010100110100111101
11111111100000000000000000000000
11111101010010100000010110010011
10011010000111100011000000011101
11001111011001010001111001100011
10000000000000000000000000000000
10001111011110011100101100011001
00000000000000000000000000000000
01111111100000000000000000000000
01001110011011011010001100111110
10000000000000000000000000000000
11011110001010000001010010000000
11000000000000000100001010110111
11110101011000101110001100000001
11010111001111110111100101111100
10100110111100100010110011101001
10000000000000000101101101101001
00111111000101101011111110101100
10100011001101101000001001011110
10101000111100110000110001010001
11000110111110001100000000000100
10100100100000011110100001001011
00010111101111000101111000100010
01111111100000000000000000000000
00100111100001111001011110000111
11111111100000000000000000000000
10000010010100011101001100101110
10110101010010110001101100110110
00100111111101111110100011011000
11100010100000010100111001101010
01111111100000000000000000000000
01001110100011001111100000110001
10000000000010101010111100110011
01100000001000000100101011111000
10110000001111010101000111001001
11001010100100100001110001101111
10001010100111011100110010101110
00111110011110000111100111111101
11101011100010100000001000100110
11111000101001100010001100000111
01010001111001011011000001100111
10010001110101101010000100000100
01001011001001110001011110010001
01100101010000110110010100100111
11000000100101101010111100100111
11101110100011011111110001101110
11000011000101100000011011111101
10100001101111011000111010001101
01010101001101110010001101001101
10110111110001000010100110111000
10000001010100010101010010001111
11000110010001110011100011100100
00000000000000000000000001101000
10100110011010011111110011000010
11101001100110001001111100011001
11010010010110110000010000011011
01110011100101010000001100100001
11110110100000000100010001100101
01000100101001111000110001010001
10100100101111001101001010110001
11000001000011100001000101111001
10011110000011111110001000011000
01101100101111001101100011001011
10000100101100101011101010111110
01100101111010000010101100100011
00011101010001100010011010000000
00011101000011111110000101110010
00011001101001100010101110101000
00111011110100000111010010110101
11000100000110010101001101100100
00001011010101101101100100100101
00111000110101111101011101101010
10111001100000101101001111001101
00001100010001111010010001111011
00001010111010111000110100100100
11100000101011101010100001100000
10110000010101111001010010110001
11011100100110000011000111111011
11010011111010001101001011110111
01111111100000000000000000000000
11100010010010010110011100100010
01111111100000000000000000000000
10010110101010111011100101100100
00111001110011000000110110010000
00111010001001110101111111011111
11101111100000111011100101000010
00110011110010110101110100101001
01000000111111011110100010111101
10000000000000000000000000000000