-2.05364e+14
1.01725e-17
11.868
-3.28723e+06
-inf
-2.1133e-10
-1.58145e-23
-1.08133e+27
3.56678e-21
-3.33189e+27
2.66635e-05
inf
-6.51702e+18
9.90515e+09
-0
0
-0
-2.00814e-18
-7.76558e+29
8.92322e-07
-0
inf
-4.01834e+18
-inf
-5.60493e-23
-3.56872e-18
-9.67259e+18
-inf
inf
0
-3.41693e+23
6.39913e+24
1.49701e-22
1.00461e+11
5.88147e+30
-5.10854e+34
0.00338151
-3.61093
0
0
inf
-0
-4.62807e+06
-2.25314e-06
0
1.42465e+35
-inf
0
-2.40154e+38
0
5.88028e+25
-35190.4
inf
0.0014154
-5.66017e+31
-1.55203e-24
3.36605e-17
2.57865e-14
-15.4637
8.95758e+10
-4.5874e+36
-inf
1.08543e+36
-inf
-3.34267e-32
6.68965e+11
1.89782e-09
-6.436e+07
inf
-0
5.8977e-13
-0
-0
-9.23078e+18
-inf
-5.25276e-32
7.58117e+20
-6.30193e-06
1.6701e-29
-0
3.50449e+35
-0
1.8927e+08
1.11318e+12
2.1692e+09
-1.25084e-20
-4.18559e-07
-4.48079e+18
-4.6902e-12
-6.31681e-05
0
-0
-inf
3.19675e-27
5.59547e+06
1.75816e+16
-1.5008e+19
-inf
-2.5e-12
6.04989e-22
-0
-1.61576e+21
inf
-9.18967e+34
0
8.83704e+30
1.11261e-24
-1.87284e+18
9.58337e+27
0
-2.44383e+08
-9.3951e-28
-51345
inf
1.13339e+23
0
1.32844e-05
-1.8493e+26
5.98391e-18
198.025
2.31512e+13
-9.33715e+07
-9.68179e+23
-inf
-5.49037e-33
0.00921126
-12.9163
4.85032e+19
3.82418e-20
-3.02269e-14
0
2.39721e+25
-0
4.6032e+35
-inf
0
-9.21536e+10
-9.96185e-37
1539.25
-1.95533e+22
-2.4483e-26
1755.46
1.00603e-07
0
-5.47842e+35
-inf
-3.86482e-16
0
-1.34706e-35
-inf
-1.65171e-05
2.24268e-13
3.07046e+12
1.26048e+30
-5.5103e-36
4.87079e+19
-3.34075e-29
9.58964e-05
-1.15901e+22
inf
1.64532e+21
-2.98205e+38
-0
1.35504e-15
1.85829e+22
3.91988e+14
-4.66446e-06
-1.27806e+19
1.4911e-25
3.14075e-06
-835391
-2.35591e-20
-2846.1
-0
1.82553e-18
inf
1.02088e+06
-0
-1.63355e-35
-0
-inf
-5.83562e+22
-4.142e+24
-2.80384e-36
-0
-0
7.15396e+14
2.83202e-36
18.506
-1.03273e+24
-0
6.86308e-26
0.0224539
1.60737e-13
-3.56439e+18
inf
9.55605e+28
-2.13998e-16
3.72181e-22
-1.19095e-19
-0
4.05067e-34
-2.84334e-10
5.33854e-13
-1.84705e-29
-inf
1.89403
-2.7788e+16
-9.65709e+18
-2.07801e+25
-7.81428e-22
-3.56202e+20
3.07078e+20
0
-7.53051
-3.45417e-33
-7.73434e-09
-1.84057e-07
0
1.33035e-16
3.74029e-27
-9.67802e+20
-0
0
1.19533e-35
-7.06276e+24
-4.32179e+26
9.54293e-15
-6.5823e-23
0
-1.11655e-33
6.08015e-17
-6.4032e-16
-2.62024e-31
1.8171e-21
23.7113
0
0
-1.11893e-25
-1.59641e-06
-inf
0.00031193
-4.61965e+24
-2.02995e+21
1.37991e+22
0.000940591
3.31736e-14
3.58927e-35
-3.7677e-18
-4.00188e+13
2.84026e+18
-0.000340225
-inf
2.13179e-08
-316571
-4.22763e+20
7.50933e+32
8.29987e-07
9.54923e+10
-2.08941e-09
-9.83285e+26
-2.48e+07
-1.76817e+25
1.43431e-06
-inf
-0
-1.18636e-29
5398.36
-inf
1.12307e-14
3.38884e+07
-0
inf
-1520.74
4.03695e+11
-5.5491e-05
-4.904e-27
5.37005e+30
-0
inf
1.16934e-17
3.21101e+10
-inf
-3.20174e-09
0.000352545
-inf
0
3.5508e-11
2.19583e-16
3.16837e-08
-3.52668e+10
-2.01885e+12
-0
-0
-0
inf
-5.96847e-33
1.42909e+20
0
inf
1.2946e-27
1.52513e-07
1.73576e-05
-5.95615e+32
-0.000193282
-0
-5.48946e-12
4.20887e+08
0
inf
3.4268e+33
9.36954e+27
-0
-inf
-3.45676e-24
3.79442e-29
inf
-0
3.14057e+26
4.22148e+17
1.28245e+32
3.40456e-24
9.10522e-15
6.21487e-10
0
-0
-2.45088e-09
-2.7579e+26
-290768
-1.33724e+19
7.0427e-08
-2.64429e+12
-inf
6.83846e+09
-inf
-1.74901e+13
2.14138e+10
-2.27661e-11
3.09484e+09
14.6689
-inf
0.00326335
inf
-1.77745e-22
-7.59165e+12
-0.107777
7.91876e+30
-8.99582e+27
7.83992e-10
-1.91573e-34
-3.53781e-34
2.49219e+12
-1.48055e+20
-1.10287e-05
1.14341e+14
2.34556e-06
2.14796e-16
4.24244e+25
-2.61569e-33
-1.66832e-19
inf
-inf
1.84258e+31
7.10288e+35
7.30356e+30
1.08334e-32
0
0.0240727
2.92396e-29
-7.15357e-07
1.41169e+10
0
4.94419e+14
inf
-4.53946e+18
1.29023e+06
-1.0915e-08
-4.60563e+31
-7.33577e+11
-inf
0
inf
0
1280.89
-5.68958e-19
-3.38576e-05
-0
6.31394e+14
0.75491
-0.000485454
8.8483e+14
-inf
-0
-inf
-1.74493e+20
inf
1.62251e+09
inf
0
3.47737e+14
-0
-0
6.0612e-17
-1.60815e+17
-0
-9.23286e+08
-3.26933e-06
-inf
1.44508e+21
0
-1.56551e-35
0.00663152
-inf
-1.67833e+37
-3.27125e-23
-3.84397e+09
-0
-1.23158e-29
0
inf
9.96725e+08
-0
-3.02786e+18
-2.00407
-2.87613e+32
-2.10528e+14
-1.68043e-15
-0
0.588862
-9.89385e-18
-2.69838e-14
-31840
-5.63384e-17
1.2173e-24
inf
3.76343e-15
-inf
-1.54155e-37
-7.5663e-07
6.88087e-15
-1.19264e+21
inf
1.18254e+09
-0
4.62013e+19
-6.8874e-10
-4.78777e+06
-1.51955e-32
0.242653
-3.33684e+26
-2.69572e+34
1.23313e+11
-3.38625e-28
1.09505e+07
5.76705e+22
-4.70888
-2.19713e+28
-150.027
-1.28449e-18
1.25851e+13
-2.33844e-05
-3.84479e-38
-12750.2
0
-8.11807e-16
-2.30635e+25
-2.35167e+11
2.36119e+31
-1.30078e+33
1340.38
-8.18889e-17
-8.87927
-7.61711e-21
1.82641e+27
-4.20191e-36
1.37048e+23
2.6225e-21
1.90424e-21
1.71816e-23
0.00636157
-613.303
4.13783e-32
0.000102921
-0.000249533
1.53799e-31
2.26828e-32
-1.00683e+20
-7.84278e-10
-3.42713e+17
-1.99994e+12
inf
-9.28807e+20
inf
-2.77435e-25
0.0003892
0.000638483
-8.1533e+28
9.46987e-08
7.93466
-0
