-2.05E+14
1.02E-17
11.868
-3.29E+06
-inf
-2.11E-10
-1.58E-23
-1.08E+27
3.57E-21
-3.33E+27
2.67E-05
inf
-6.52E+18
9.91E+09
-1.26E-44
0
0
-2.01E-18
-7.77E+29
8.92E-07
0
inf
-4.02E+18
-inf
-5.60E-23
-3.57E-18
-9.67E+18
-inf
inf
3.28E-42
-3.42E+23
6.40E+24
1.50E-22
1.00E+11
5.88E+30
-5.11E+34
0.00338151
-3.61093
9.81E-45
7.40E-41
inf
-3.50E-44
-4.63E+06
-2.25E-06
6.15E-43
1.42E+35
-inf
0
-2.40E+38
1.26E-44
5.88E+25
-35190.4
inf
0.0014154
-5.66E+31
-1.55E-24
3.37E-17
2.58E-14
-15.4637
8.96E+10
-4.59E+36
-inf
1.09E+36
-inf
-3.34E-32
6.69E+11
1.90E-09
-6.44E+07
inf
0
5.90E-13
0
-9.49E-39
-9.23E+18
-inf
-5.25E-32
7.58E+20
-6.30E-06
1.67E-29
0
3.50E+35
0
1.89E+08
1.11E+12
2.17E+09
-1.25E-20
-4.19E-07
-4.48E+18
-4.69E-12
-6.32E-05
2.71E-39
0
-inf
3.20E-27
5.60E+06
1.76E+16
-1.50E+19
-inf
-2.50E-12
6.05E-22
-3.97E-43
-1.62E+21
inf
-9.19E+34
0
8.84E+30
1.11E-24
-1.87E+18
9.58E+27
0
-2.44E+08
-9.40E-28
-51345
inf
1.13E+23
1.30E-41
1.33E-05
-1.85E+26
5.98E-18
198.025
2.32E+13
-9.34E+07
-9.68E+23
-inf
-5.49E-33
0.00921126
-12.9163
4.85E+19
3.82E-20
-3.02E-14
0
2.40E+25
0
4.60E+35
-inf
0
-9.22E+10
-9.96E-37
1539.25
-1.96E+22
-2.45E-26
1755.46
1.01E-07
6.60E-41
-5.48E+35
-inf
-3.86E-16
9.54E-43
-1.35E-35
-inf
-1.65E-05
2.24E-13
3.07E+12
1.26E+30
-5.51E-36
4.87E+19
-3.34E-29
9.59E-05
-1.16E+22
inf
1.65E+21
-2.98E+38
0
1.36E-15
1.86E+22
3.92E+14
-4.66E-06
-1.28E+19
1.49E-25
3.14E-06
-835391
-2.36E-20
-2846.1
0
1.83E-18
inf
1.02E+06
0
-1.63E-35
0
-inf
-5.84E+22
-4.14E+24
-2.80E-36
0
0
7.15E+14
2.83E-36
18.506
-1.03E+24
-4.53E-40
6.86E-26
0.0224539
1.61E-13
-3.56E+18
inf
9.56E+28
-2.14E-16
3.72E-22
-1.19E-19
0
4.05E-34
-2.84E-10
5.34E-13
-1.85E-29
-inf
1.89403
-2.78E+16
-9.66E+18
-2.08E+25
-7.81E-22
-3.56E+20
3.07E+20
0
-7.53051
-3.45E-33
-7.73E-09
-1.84E-07
0
1.33E-16
3.74E-27
-9.68E+20
0
0
1.20E-35
-7.06E+24
-4.32E+26
9.54E-15
-6.58E-23
1.12E-42
-1.12E-33
6.08E-17
-6.40E-16
-2.62E-31
1.82E-21
23.7113
0
0
-1.12E-25
-1.60E-06
-inf
0.00031193
-4.62E+24
-2.03E+21
1.38E+22
0.000940591
3.32E-14
3.59E-35
-3.77E-18
-4.00E+13
2.84E+18
-0.000340225
-inf
2.13E-08
-316571
-4.23E+20
7.51E+32
8.30E-07
9.55E+10
-2.09E-09
-9.83E+26
-2.48E+07
-1.77E+25
1.43E-06
-inf
0
-1.19E-29
5398.36
-inf
1.12E-14
3.39E+07
0
inf
-1520.74
4.04E+11
-5.55E-05
-4.90E-27
5.37E+30
-2.53E-41
inf
1.17E-17
3.21E+10
-inf
-3.20E-09
0.000352545
-inf
0
3.55E-11
2.20E-16
3.17E-08
-3.53E+10
-2.02E+12
0
0
0
inf
-5.97E-33
1.43E+20
4.34E-44
inf
1.29E-27
1.53E-07
1.74E-05
-5.96E+32
-0.000193282
-7.45E-42
-5.49E-12
4.21E+08
7.57E-43
inf
3.43E+33
9.37E+27
0
-inf
-3.46E-24
3.79E-29
inf
-2.38E-44
3.14E+26
4.22E+17
1.28E+32
3.40E-24
9.11E-15
6.21E-10
0
-1.92E-40
-2.45E-09
-2.76E+26
-290768
-1.34E+19
7.04E-08
-2.64E+12
-inf
6.84E+09
-inf
-1.75E+13
2.14E+10
-2.28E-11
3.09E+09
14.6689
-inf
0.00326335
inf
-1.78E-22
-7.59E+12
-0.107777
7.92E+30
-9.00E+27
7.84E-10
-1.92E-34
-3.54E-34
2.49E+12
-1.48E+20
-1.10E-05
1.14E+14
2.35E-06
2.15E-16
4.24E+25
-2.62E-33
-1.67E-19
inf
-inf
1.84E+31
7.10E+35
7.30E+30
1.08E-32
2.23E-39
0.0240727
2.92E-29
-7.15E-07
1.41E+10
0
4.94E+14
inf
-4.54E+18
1.29E+06
-1.09E-08
-4.61E+31
-7.34E+11
-inf
0
inf
0
1280.89
-5.69E-19
-3.39E-05
0
6.31E+14
0.75491
-0.000485454
8.85E+14
-inf
0
-inf
-1.74E+20
inf
1.62E+09
inf
0
3.48E+14
-7.12E-39
-5.38E-40
6.06E-17
-1.61E+17
0
-9.23E+08
-3.27E-06
-inf
1.45E+21
0
-1.57E-35
0.00663152
-inf
-1.68E+37
-3.27E-23
-3.84E+09
0
-1.23E-29
0
inf
9.97E+08
0
-3.03E+18
-2.00407
-2.88E+32
-2.11E+14
0
-3.28E-41
0.588862
-9.89E-18
-2.70E-14
-31840
-5.63E-17
1.22E-24
inf
3.76E-15
-inf
-1.54E-37
-7.57E-07
6.88E-15
-1.19E+21
inf
1.18E+09
-9.81E-40
4.62E+19
-6.89E-10
-4.79E+06
-1.52E-32
0.242653
-3.34E+26
-2.70E+34
1.23E+11
-3.39E-28
1.10E+07
5.77E+22
-4.70888
-2.20E+28
-150.027
-1.28E-18
1.26E+13
-2.34E-05
-3.84E-38
-12750.2
1.46E-43
-8.12E-16
-2.31E+25
-2.35E+11
2.36E+31
-1.30E+33
1340.38
-8.19E-17
-8.87927
-7.62E-21
1.83E+27
-4.20E-36
1.37E+23
2.62E-21
1.90E-21
1.72E-23
0.00636157
-613.303
4.14E-32
0.000102921
-0.000249533
1.54E-31
2.27E-32
-1.01E+20
-7.84E-10
-3.43E+17
-2.00E+12
inf
-9.29E+20
inf
-2.77E-25
0.0003892
0.000638483
-8.15E+28
9.47E-08
7.93466
0


















































































































































































































































































































































































































































































































