10111100110101100000101100011110
00111010111101001010100100011101
01011101010100101000001101000010
00011000111010001001110101111111
11101101011001011100010101010111
10001010000010111110011011010111
11001101001110000000111001010101
00110010001110010011000010111001
00000100000100000110011110100111
10111001000000000110101000110001
01101111101101101000000101000000
11010001000011100100111001001011
11011001000001000100000010111000
10010001101111100100101100010001
00000111100101101110101101101111
10011110011010001100100111110101
10000100100000000001001010111100
01000101101101100000010011111011
10111110101101001001111001111100
11100001111101111110000110001100
00010001110001111011100001110110
11101010100010100101100111010100
01011111101100101100001111110110
01101110101101100100100011000100
10001100101010010001000010011010
00011111101011111100100000100101
11000011001110010111110011010001
11011101011101000110010110110110
01110010100110100100000101100001
10010101101100101110111100100011
00101111100111000101000001011001
01110101101011110100100000110110
10011011101010010011111110000101
00011100100000101000111101101111
01011110111100011010101110100010
00111010101111001101100100100100
11101101110011000110101100001010
00011001011100101100111101110000
10101011110111100001110110110111
10000111010110110111111010101010
01111001011110010101111010000010
10100000111010111100111011111001
01101110000001101000110111001011
01010101101000010010011111100100
00101110000010111011100001100100
11101001111010100111110111110101
11101110000000001010110001001010
10000110110111101010011001111010
11010111100011100000110101110011
00001100101000000101000101000010
01010000110111110100101100100000
10101100001110011000110111110111
11100101010111101110011000101101
01101011100111100011101010001011
01011100101001101011001111000100
00111101111100000111000110110110
10011001110000000110101000000111
01011000010010011010001011110000
11001001111110010010000111001100
00011110001100000000010000001001
11100000001100100000100110101000
11011011000000000111110000110111
01011100110011010101100101000110
01110110000110010001100110011111
10010010010100001010111011001110
01101101000010001100010110100000
01010011111000011010111001001001
00100011111111001101101110100100
11111010100000110101100001100111
00010110010001101010011000001111
11001101101100110010100101110000
10000011000011111100101010100001
00000110011100011011101000000001
00101111000101001010001101110100
11110001010000010101110001101110
00110000100101010000100011000110
10110111100011111111111001101010
00010101111000011100111110000100
10110011100110001110000100101000
00000101100000111000001001011011
01000010010001111111111101010000
10100000000000111111000001101100
01000010110111010100000011001011
01100001000110000000110000110000
10010000000010011010110011111001
00001111111011100001111001001011
01110010100100100010110100110001
01000101010010010111000000110100
10110100010110111000000100011010
00100000100001101100101001101001
10010011111100101100010001010101
10011100111111100100011001100011
01011010111001000111001011101011
00110010100111000110100011000000
01101001010000001100101101101101
01001011111101110100011000000010
11000111111100010010100000000111
11111000111001100001001001101010
10100100110111111101101110100000
01001100001110001110111010100100
10001100111110101100010111111110
01010010111010001001101000110010
11101100010110110101111100000101
01110110011010111101110111110111
00010010110111011100001010101011
11011011100010101100010111100001
00010101100111101001100100100110
01000000101010000110101100100010
11001000010011000001011010011110
00000001111101101111001110101000
01011001110101100110111010001101
00011000100011010110010111000000
10101000000000100100010100000001
01111000000011110110010010000010
01011011010111010001101100100000
10000101100011111100101100101010
01110101101011100010001011001101
01010001101011111011011101111001
11001110111000110100010001111111
01100001111111010000100011110001
01101101110001001001001110001011
10111100101111011001110011001111
11010011001011101110001111001110
01111100110101100100111011001001
10011110011101100101111011001011
00011101010001001010100000010001
00011001011001111011111110000110
11110100000111010001110110111011
10010010001010110101000011101111
11010000010111110111011110101111
00000010011110110000111000111000
01001101101000100001110101111110
00001110100100000001001010101100
11000111010010111111101000011110
01101011111100011100110111110010
00010100011001111100000011111011
11010011001001110111011100100011
00100010110100001111101100110100
11110001100100001110000001110011
10111100100000001101000001101101
11000111111011001001101111110101
00001101011111101110101111010011
01100110101010000111100110000111
00100001011101100011100001010101
01101011100111110101111100001011
11101010010111010101011011010001
10000101100001100100010000100101
10101010010001100101001010111111
10100011111010011101110011010101
11101010000111000101000010111100
01010110001111110101101000111101
10010110101010100011000101011000
10111011001101101001000011101100
11111001011100111111110101101000
10110101110101111000101001011010
01110001101110000111101111000010
10110110101100101010110000100011
00110011000000010101000101111001
11011101011011011011010000110001
11010100001111001101001001111000
11110000011101011001010101011000
11011011101101011001100000111100
10000101010000110101011011100111
11010000100101001001111100110001
10100101010000111100011101001011
10110110010101010111010000010001
01101001110101010000101101001100
01011110010000100111100111010010
11000100001110110011011001101010
11000000111001101010000011101000
10011110010001010010010001011100
10101100000001101101001100011000
11100100010000011001000001011010
10100100010010100010001011101010
10011110010110110010000111001110
11100000111010111111111101110001
01100011100011100010101110011001
00100011111010010111000110101111
10111000010110011001001110101011
10000100001000110010000101110001
01110110110110010110110111110100
01100111010110010101101010111100
01000110111011011010000101110110
00011110011101111011010001100101
10001111001110000010110011010101
10010100111010010111011110111110
01100001101101000010110011000100
00000111100111111010111001010110
10011100111000110010000011110111
11000001111110011011001011110101
00110100001100010000000110011001
01000100101101101101110010100110
00101100111110100001100011011101
11000000001101101100000110001001
10100000011001110110111010110100
11011001110001110111011010111110
01001011111000101010110011010110
11001011101010000000100010110101
00100110100000100101010111110101
10101000001000011101001100101110
10000010000101010010101100110111
10000101110100000101110100001010
01000111010011000010101100110110
00011001111101101000000001100101
10000010101110000001001001000011
11110011001101111100010001001010
10010110001010100100110100010100
00101011000111011010111111101101
11100000100010100000101010001010
01101100100001111110101111100110
00011000100101011100011101100000
00111110001010101111000110110011
01010010010110001100101100010001
10010000100000001000111110000011
11011000100101111110010010011100
00101100111101010001101001110110
11000100001010110101111000101110
01100100100000001011001000111011
10000001010010000110101110000001
00100001101000001011000101001011
01001010010010000111100110100110
01111011111010101011010100101111
00000110010111100010000001010101
10101001100000100000000001100110
10001010001000000111111101010110
01011011000000011101110100010110
01111011111110011000000010110010
00010111001101000000100010110010
01000100110000001000110011111001
00101110010110101000100011101111
11000111010101011010110000111011
11100010011001100001111110001110
01001101001110110101000101010101
00100010011110100110100010111100
00000100001000000111111011000000
00000100100100000101010100110011
00101010011001100110011111001111
10000100001010001001100110100011
01010011001000010011010101101110
01110000110110111011111110101100
01100111010001111001010100111011
10011100010001100010111110100000
10101001100101101001010111000001
01111000000001010000111101101111
01001101100100101100011110101100
00011001100111101101000100001001
00000011110011000011000100110101
10110011111011010000011010101110
10010111000100100100000001000101
10111000001010010100100100101000
01101001010100101100110111011010
11001011111100111000100010110111
01111000010011101110111110011101
01011111011011000110001101000010
10111001001110111010001110110010
00111111100001000100011110101001
11100010010100100110001010001010
10010111000001100000000100110111
11100010011100100000010011000110
10011101010010010010110110110011
11000010100000101100001110111000
00001110111100111110011110001001
00110001011010110010101111101011
00101101011110010110001110100001
01110100011010101101110111101110
00100000100100111110011111100001
10110011000001110010010101100011
01001111101110001001100101101111
01110100111010000111110111100000
11100101010010011001100000100110
00010000100111001110101100001101
10010100101011100010001001110100
01100101010111011110110101011011
10110010111001010111000110001110
11011110011001110101110010101010
11000110000111010001100101111001
10111010011111111111010001010001
00110011000111011101001011011011
00110000101000111100110110001101
11001000101100010011100001110110
01010001010010010111110001110010
01101110010010110001001011111011
11110011111000101011011001111111
00001110001010000011101110011101
00011111000110110001010001110110
11100110111000000001001010101000
10001100101101111101011111101001
00111110101011110100000111101111
10000011001010101101100001110011
11011100100101100110000011100011
01010010011100111011011011011101
10110011000001101010010100011010
00000110011000001001100100010100
10001001110000010001000001100100
10010000000010110110110101111110
11101001001100101000101010101011
10100101110101111101111000110001
01110101100101010001010011111001
10001010101110000110010000110011
01110101110010001000110011111001
00101110010011011010110000100010
00011110010000110000100100110110
10111010110011111110001001100101
11001100000110101001000011010001
11000011110011110100101001100001
10010101010001100110000010010011
01010100000011101001001101100010
10111011001010000010000101101100
10100010000010010001000011000101
11111010100000110101101010001010
11111010010110001011001100110110
00111001100000000110000001010110
00010001011110101001000100001111
11011101010111111000001001100011
10001011100110010010101110110101
10100011010010111000011111010001
01101010100101011011110000100110
00000101100011101111011011010111
11110100110001010100000110011100
01100001101101000110111001110000
11101110011000011110110101011011
00110000110010100001100000111001
11010011011110011000100111000111
01000100011101110111000110111000
10011011011000101011010001111011
00000010100101000110100110010000
00000011011111110011000001101101
11101011000111000110100111100010
10001111000110111101100000000101
10100010011011110101001001000111
10011111111001100110000011110001
10100011111101100010011100000101
11111101000010010101110111010011
10101111101000001010100010110001
11101100111111111110110011110101
10101100111000111110010011111000
01011010000000001101111001111111
01010110100100110001101110101011
01100001000010110001010111100010
10011001000101001011100011011010
01111110011000100010000011111111
01100000111110100101101010101100
01001010101101100111101111100100
00010110111100001110001111110011
00011011100100110010011000100111
10000111100101001101011001100011
01100111110100010010001010010001
10101110001101000110000100100110
11000100101010011111111100001101
00100011001100101011000000000110
10110010000101101011111100101000
11011100101010000101011010001110
01100101111011110111001000011111
01100100010111110001001001011101
00011010111010010000011011100011
01011111011111100100111000010100
10001111011000001010000000110111
11101101011011100010010000101111
00111111000101001101001001000110
00010110110100111101010000000110
01100001101100010010010011110010
11011101110001101001100111001000
11100111101111101101100110100101
01000101110001100110111010001010
11011010011010011110000000000101
10001101111010101100100000001010
00011100000000011110110010010011
00011101101100011000100111011101
11000001110110100110111001010000
11011000000111010111000110000100
00111001000110111000101001010010
10000011010101010011101100000111
01101011000010110101101101001101
01110100100001000000011001110100
00101100100100001001100111100100
10101101010010000101101010011111
10100010100000111100111011110001
11011110111010111110100001101100
10101011101100011110011000010001
01100011000000110000110110111101
00100001001011011011110011000001
01110100011101001110010110011001
10011001010000011111111001111000
01011011110100010111001010100000
10000101000000001110100010010001
10111111110000011010000100100111
10100011111110100000000001010101
01101011010111010010111101001111
00101011110010111110001100111101
11101011001101010110011011100111
01011101100010110110010101100010
11111000010110011111010001001001
10000010111111000011111000000111
11011111000010010000100000001110
01110001001111111111111101110100
01110000010101100010001011110110
10110111010101110010000111011100
11101011010011111011110000011011
10101001101001111010111001111100
11101111111101111001111100111111
10101111010001111101010001111100
10011001101100010100011000011011
00010001010000001000110000111101
10110101101101100101101111000111
10000011000001000011110001000111
01101011111100100001101111111011
10101010111110110110001101111001
01111110001100010110001010110101
01010010001100001101101100011001
10000101100000011110101111001001
10110101101100111000011110000011
00100101011010000000100000100000
11110100011011011100101100100101
01010111001011100111100100101000
10101010100011101010000001011011
10101000000101111111111110000011
00010010100111010101100001001001
00110011010010110111111101011010
00100001001110011101110100100000
01101111100001100111011100100110
00011010011100110000111110011111
10100000111000100100101001000111
10110000110101100001000010001011
01011010010001001101100000010001
11001101001000011010010011001010
11010000100100011111010000010110
01100101100100010110110110111011
00100111111011111000101010001101
01101010100000010010000110000010
10000111011011101000001111111011
01100010010101101100011111001110
01001011111110100100101011000000
11001100111011010111101010010111
00111110000011100111111111010000
01111001101011010001110011111101
01010011101010010011011100011001
01101010001001101011000001011011
10110010100110010100011001011111
10011110001101001111001011100011
11001001010011000110100001100001
00110100000111110010110111110100
01100110110101010011110011111111
00101010011000100011010111001111
10001101001001101011010110101010
01010100101110100000001110100011
01000111100001000010101010010100
11110011011011010111001101001110
00100010000110010100111111100000
01000100101111010111000111100100
11110110001111010101100010011100
01100000011111010001010010101111
00011011011101010100000110101000
10100010101000101101010111100101
11100001101100110100001110010001
01100011010011110111100010011001
00100010110101000011001101010100
11010111010001001011001001000001
00001111001011001111000000000000
00010000011101101011111111101101
01001001110111101110001011000010
11001110011101100000000110111000
10101000001011011110101001111101
01111011010100011110110000111101
00100010111101110000100101101111
10111110000011001001000111101000
11000101001111111100101100110111
11111001000010111111100101001000
11101010000101010101101101011011
10110110110100000111101101011100
00101010111111110110101110101101
10000100011111110011011110101101
10101001110001001101010111001010
01011000001001110111010110100100
01111111000011100010011100101111
00000010010001000100011000111010
01001100100100001001010011101001
00010011110110101101001110101011
01000011100101110100111000010001
10110100101110110111100110010000
00111010001000100101100000010010
00110011011110111101101001100010
00011101010010111001011110110010
11101111001001111101010110010001
11101101111100011110011010100111
11000011110010111010000101101100
00000111011011111011011100111111
11111011101110010101010001011110
10001110111111000010011001110001
10101100001111100000110001110101
10101111100100100100100111011100
11101010011010000001000011100011
10100010101111110100100010110001
01001101110011110111001100100110
11000110010100001011011010001100
11110010000000110010100100110101
01001011010011101001010011010001
11101001101110101111010000110001
11100111100001111011011011111100
11011100111100110010101010100101
00011000110011111000110011110100


