11011001110111110110001111000110
00111010111101001010100100011101
01011101010100101000001101000010
01110000110111001100111010001000
11101101011001011100011000001110
11100100110101001001011110101110
11001101001110000000111001010101
01111001100110101000111011010101
11011000111011101110000111110110
11110011101010111011001010111011
01101111101101101000000101000000
01110011110000010001100011000101
11011001000001000100000010111000
01111101110001101001000000001110
00101110011110100101101000001100
10011110011010001100100111110101
10100001010111010011101101000110
01000101101101100000010011111011
11110001110111100100011001101001
11100001111101111110000110001100
00010110111100001100010001100011
11101010100010100101100110010100
01011111101100101100001111110110
01101110101101100100100011000100
11001101010011010011010001001011
01000010001111111011111100110110
11011011001110010100001101000100
11101111100100010010001010111100
01110010100110100100000101100001
00100100010100010111000110000001
01110110011011001111111111111110
01110101101011110100100000110110
00111111000010001101111011011100
11110100101101110111001111111111
01011110111100011010101110100001
01111101110101010110010100100011
11101101110011000110101100001010
01100110011100111010011100111000
10101011110111100001110110110111
00110100111100001010000111110100
01111001011110010101111010000010
10100000111010111100111011111100
01101110000001101000110111001011
01010101101000010010011111100100
00101110000010111011100001100100
11101001111010100111110111110101
11111001111011101001001011010000
00100111111000010100101011100001
11100111001000101100110001111101
10101001011010001101011100001011
11011000110111110000111010010111
11011010001111011010011001100010
01101111101011100000100011010000
01101011100111100011101010001011
01011100101001101100010011101000
00111101111100000111000110110110
01001001110011101000011110011100
01011000010010011010001011110000
11001001111110010010000111001100
11110010111100101010101010001101
11100000001100100101100100001110
11101010111000011010100111010110
11011101110100010100011000000000
01110110000110010001100110011111
10111000010101001110101000110010
01101101000010001100010110100000
01010011111000011010111001001001
01100111111110001001000010011000
11110111100101011110111001000000
00010110010001101010011000001111
11001101101100110010100101110000
10001001001111011101100011101010
00111001010110101101100011000010
01101111010111001010000110100101
11110001100000010111101101011110
00110000100101010000100011000110
01101010000100100010000110001101
01100000011011111011101001100111
10110011100110001110000100101000
00101000101011100010100000111100
11110111101011001100100101111111
10100000000000111111000001101100
11001001110100001101010111111000
01100001000110000000110000110000
01111110011100000110101001010001
01001101111111100000010011111000
01110010100100100010110100110001
01011000100111100000110110011100
10110111110000100010110010001011
01010111011110111001100100110001
00101010111110001110111011111010
10011100111111100100011001100011
01111110010000001101010101010110
00110010100111000110100011000000
01101001010000001100101101101101
11001101111100110011011001111110
11010110110111010001100100011111
11111000111001100001001001101010
11000110110010010010111001010100
01001100001110001110111010100100
10101011100100000011111101100100
01010010111010100001101111001101
11101100001000100000111111010010
01110110011010111101110111110111
10100000001110100001110000001000
11011011100010101001001001110000
11000001100010101111001110110000
01011100100111100000011011101000
01100101000110110101111000010111
10100110101000000011101010111111
01011001110101100110111010001101
00111001100001101100010000000001
11011110110001010001001001111100
01111000000011110101111011101111
01011011010111010001101100100000
00110101100000001100000011001011
01110101101011100010001011001101
01011000110111101101111101010010
11001110111000110100010001111111
01100001111111010000100011110001
01101101110001001001001110001011
11001111011100000111001000100100
11010011111011010111111100101001
01111100110101100100111011001001
10101010111011001111100110011000
11011110010001000111010101011010
01100111011001000100100110011010
11110100000111010001110110111011
01001100100001101110111000101100
11010000010111110111011110101111
10011001000000101011100001000010
11011011011110101000000010110000
00001110100100000001001100100000
01110010110111101000011110111000
01110101000110110010101111101101
00010100011001111100000011110110
11010011001001110111011100100011
00100010110101110111100000110110
11110001100100001110000001110011
11100111100000111010100100100100
11000111111011001001101111110101
11110110110111000101110001001111
01100110101010000111100110000111
00100001011101100011001001011100
01101011100111110101111100001011
11101010010111010101011011011010
11011111110101000110010011011001
10101010010001100101001010111111
10100011111011101100001101000010
11101111010100110110001100011111
01010110001111110101101000111101
01010011001111011110011110101111
01011000011110101001110011011000
11111001011100111111110101101000
10110101110101111000101001011010
01110001101110000111101111000010
10110110101100101010110000100011
11000101010001110000111100110000
11011101011011011011010000110001
01110011001001110111101011001110
11110000011101011001010101011000
11100011000111100010001110000001
10100010100011011001011000101011
11010000100101001001111100110001
01111110101001001010100000011110
01100000110101011100100100111010
01101001110101010000101101001100
01011110010000100111100111010010
11000100001110110011011001101010
11000000111001101010000011100111
11101010100001000110110000010010
10110010010100110100011101110011
11100100010000011001000001011010
10100100010010100010001011101010
01000011000111010101110011010111
01111000011001100111011101001110
01100011100011100010101110011001
00100011111010010111000110101111
10111000010110011001001110101011
10011111011111111101111101000110
01110110111100111110101001001100
01100111010110010101101010111100
01100000111011000011100111101000
00100101011101101000011011110001
10001111001110001011101110110100
10010100111010010111011111010011
01100001101101000010110011000100
10111100010000010001111101001100
01100100001001101101110111100101
11100100111000000011010101100010
00110100001100010000000110011001
01000100101101101101110010100110
11001111001111000100100010100010
11000000001101101100000110001001
11111101010110101101111000000000
01100111110001010000100000000001
11100011001011100101101111110110
11001011101010000000100010110101
10110100110111001111000000010010
10110111010111100110110110010011
10001101100010001100011111101011
01000001101001010110000101111010
01000111010011000010101100110110
11010000100111000000111010001011
11001100100000100100000100010110
11110011001101111100010001001010
01101001001101100011011110100011
01101111001000000100010111111101
11100000100010100000101010001010
01101100100001111110101111100110
01000011010010011101010011001010
01100010111001110101011100110100
01010010010101111001000010001101
10010000100000001000111110000001
11011000100101111110010010011100
00101100111101010001101001110110
11000100001010110101111000101110
01100100100000001011001000111011
00011101000100110110101000011011
11000010111101000101100100010100
01001010010010000111100110100110
01111011111010101011010100101111
00011011101111100000111011001100
10101001100000100000000001100110
00111010110010101011111001111100
01011011000000011101110100010110
01111011111110011000000010110010
11010000011101000111001011001001
01000100110000001000110011111001
00101110010110101000100011101111
11000111010101011010110000111011
11100010011001100001111110001110
01001101001110110101000101010101
00101001101011011101111000110001
11011000010110101111111100010010
11111100101010000011100110011111
00101010011001100110011111001111
00010011001010000100000110010111
01010011001000010011010101101110
01110000110110111011111110101100
01110011100001111010110001100011
01011100110100110011111110110111
11111110010011111110000111110010
01111000000001010000111101101111
11010110001000110001010110010010
11100000010001101011100111011101
11100100101110110100111001111011
10110011111011010000011010101110
11001010111100110101000001010100
11011101010111000010100110011101
01101001010100101100110111011010
11001011111100111000100010110111
01111000010011101110111110011101
01011111011011000110001101000010
11001110110100101110001111101011
01100001101100010110100101111000
11100010010100100110001010001010
01011101110101001101000001111000
11100010011100100000010011000110
11010011001101101011010110100110
11101001010001110000101000101001
01111100010001101001011110100010
01110111011111101011110110100101
11000111110001011001110011010000
01110100011010101101110111101110
00100000100100111110011111100001
10110011000001110010010101100011
01001111101110001001100101101111
01110100111010000111110111100000
11100101010010011001100000100110
11111010110100101110011010010111
10011110111110101001011111101101
11110011100011100100111010010101
11010001010101000001100000010000
11011110011001110101110010101010
11000110000111010001100101111001
10111010011111111111010001010001
11111110110110111110001010111011
00110000101000111100110110001101
01111011110110100010010010100011
01010001010010010111110001110010
01101110010010110001001011111011
11110011111000101011011001111111
01100010101001110110011101001100
11011010000110001000111100101100
11111001000001001000111111110011
10001100101101111101011111011111
00111110101011110100000111101111
01100001101111011010110001000010
11011100100101100110000011100011
01010010011100111011011011011101
11100000010111110110110100100011
00100100011100101011010001001111
10100110000111101011011011001011
10100010111001011011101000110000
01110011111101011111001000101000
10100101111000010000111001001000
01110101100101010001010011111001
00101100001011000001001100010001
01110101110000111000110000001010
00101110010011011010110000011010
11010101010101101111001010100000
00111100000110010101001001000011
11101001010000101000110100001001
11000011110011110100101001100001
10100101010101100101110010110010
01010100000011101001001101100010
01010010000110001100101010011101
10100010000010010001000011000011
11111010100000110101101010001010
11111010010110001011001100110110
11110011111100010111110010100110
00010101111111101010100110101100
11110101111010010011110101011101
11001100010111111000000010101001
00101100011100011111111110111011
11110111010011100111010000011011
00110000111100101110000000110011
11110100110001010100000110011100
01100001101101000110111001110000
11101110011000011110110101011011
00110000110010100001100000100100
11010011011110011000100111000111
01000100011101110111000110111000
10011011011000101010111011001100
00111010011001100111110101110100
01101101001010001111010101001000
11101011000111000110100111100010
11111000111010010011100010010110
11111100010001101000001101100001
01010011001010000000111110011000
11101111101000000001001101011101
11111101000010010101110111010011
01011111101000100101111101110111
11110000000001100001111000010010
11101000000011101111001110000000
01011010000000001101111001111111
01010110100100110001101110101011
01100001000010110001010111100010
01100111110010100000000001000001
01111110011000100010000011111111
01100000111110100101101010101100
11111100000011001110110001011011
01000011111001000101101111011001
01111000110000000011000110010101
11110101101111011101001101010000
01100111110100010010001010010001
11111111001001010000001011110000
11000100101010011111111100001101
00100100000001111110000010000110
10110010000101101011111100101000
11011100101010000101011010001110
01100101111011110111001000011111
01100100010111110001001001011101
11111011011001000111110100110011
01011111011111100100111000010100
01010101100011010001110110011100
11101101011011100010010000101111
00111111000101001101001001000110
01001000111011100000100001000101
11101100001110010011001111110111
11101001011111011100111010110000
11100111101111101101100110100101
11110100101100000111101111000011
11011010011000111001000110001011
00111011111101010101010111010011
10100010101111110101000000010001
11011110100011100010110110010011
11000001110110100110111001010000
11011000000111010111000110000100
11010110101011010001110001111000
00101100110000100010100111001001
01101011000010110101101101001101
01110100100001000000011001110100
01110001010111110000111110000001
01011011110010010011110111111100
11001111001101100001100110001110
11011110111010111110100001110110
11100110111101011100100010100000
01100011000010101111010000000011
00100001001011011011110011000001
01110100011101001110010110011001
10011001010000011111111001111000
01011011110100010111001010100000
11011011101001101011111001001000
10111111110000011010000111100011
10100011111110100000000001010101
01101011010111010010111101001111
11010010111100101010011011101101
11101011001101010110011011100111
01011101100010110110010101100010
11111000010110011111010001001011
10011010101101101110001101000000
11111101110101100101100110111011
01110001001111111111111101110100
01110000010101100010001011110110
01010110111001100010100100100011
11101011010011111011110000011011
10101001101001111010111001111100
11101111111101111001111100111111
10101111010001111101010001111100
10100100000001110110010001001111
11010010101110011101000110100110
11100101110010001000001100101001
10101110110010100100111110101111
01101011111100100001101111111011
11001010110111110110110011111011
01111110001100010110001010110101
01010010001010011100010011001000
00000111001111000011110111110011
10110101101100111000011110000011
11010101111011111011111110010111
11110100011011011100101100100101
01100101100101000011010111101010
10101111000011100011111010001001
11100110110000001111000111001010
00010010100111010110000001000001
00110011010010110111111101011010
00100001001110011101110100100000
01101111100001100111011100100110
11110011011110100100100110110110
10100000111000100100101001000111
11101100110010010000000111001111
01011010010001001101100000010001
11100111101100111010100111100110
11010000100100011111010000011011
01100101100100010110110110111011
00100111111011111000101010001101
01101010100000010010000110000010
11011011010000111110001101011101
01100010010101101100011111001110
01001011111110100100101011000000
11001100111011010111101010010111
00111110000011100111111111010000
01111001101011010001110011111101
01010011101010010011011100011001
01110100011001101110111101101111
10110010100110010100011001011111
11010110100011111010110010000001
11001001010011000110100001100001
01101101110011111111010011011110
11110101011101100010110000111100
11100011100111111000100010101101
10110001000000110100000101111001
01010100101110100000001110010101
01000111100001000010101010010100
11110011011011010111001101001110
00101000000000111100100010111000
01000100101111010111000111100011
11110110001111010101100010011100
01100000011111010001010100000011
11110101111011111100000000101100
10101110101010001011011010010111
11100001101100110100001110010001
01100011010011110111100010011001
01011101001101011100100101001101
11010111100100001000101111111100
01110011010111100001011000000001
01010000110001001010100110111110
11001010100110101010000000010100
11001110011101100000000110111000
10101000001011011110101001111101
01111011010100011110110000111101
00100010111101110000100101101111
10111110000011001001000111101000
11100011110010111011011011001110
11111001000010111111100101001000
11101010000101010101101101011011
11111111000111011000000010011101
11011001001001111110110110011101
11011111101111010110011011100111
11010110101110001100010101110001
01011000001001110111010110100100
01111111000011100010011100101111
01000001111010010001110111000101
11011000110011011000101010101110
11001000111001111100111110101000
01000011100101110100111000010001
10110100101110110111100110010000
11000001001001000101100011010010
01010000000110111101100110110001
10101101100001110001001110010110
11101111001001111101010110010001
11101101111100011110011010100111
11000011110010111010000101101100
11000010111110111000110101111001
11111011101110010101010001011110
11100000110110101101111101010000
11101111110011010000001010110100
11100011110010111011011110011001
11101000101110000000111111100000
11111111000001101100010101101101
11110011011001010011110010001011
11000110010100001011011010001100
11110010000000110010100100110101
01001011010011101001010011010001
11101001101110101111010000110001
11100111100001111011011011111100
11011100111100110010101010100101
00011000110011111000110011111000