-3.32429e-18
3.42515e+11
7.57356e+34
0
-82214.2
0
-inf
0
0
-4.50132e-36
inf
1.24847e-21
-8.30616e+11
0
-3.9892e-24
7.83359e+11
-4.017e-18
-1.68943e+25
-1.60256e-31
inf
-0.000810732
142295
-1.65174e+20
-2.53472e+07
0
-1.55302e-21
-3.55702e-15
-1.22522e-11
2.0247e+18
1.59132e-09
0
-inf
5.23702e-22
0
1.28902e+07
0
-inf
0
2.69531e+20
3.68417e-28
9.02787e+11
-4.59253e+06
inf
-2.17732e+32
1.6412e+21
8.8139e+15
-6.42947e-08
1.33936e-20
-4.0632e-10
4.77764e-18
1.52747e-05
-1.97587e-28
6.10721e-07
inf
-2489.5
-8.88116e+21
1.17591e-29
inf
-2.69355e+11
0
-574.033
-2.65132e-10
0.196988
-1.92666e+18
-1.29718e-23
-inf
1.98022e+33
0
1.01816
-9.02687e+09
2.39369e+29
-0.000184948
-2.17834e-31
0
-2.94745
-2.23854e+13
3.88662e-31
0
3.03457e+14
-6.3961e-22
7.13351e-33
-4.20889e+10
6.46601e-05
2.76055e+28
0
-4.40764e-38
inf
-2.3183e-12
-0.00891035
-8.25434e-34
1.38588e-14
-2.24043e+16
-5.01738e-22
1.03714e+11
-inf
0.059747
-1.01581e-09
-2.44217e+20
-3.77004e-21
3.8847e+36
-3.76975e-19
-154.423
3.82784
-1.55652e+31
8.87781e-09
690.625
3.68803e-27
-1.47904e-17
4.55741e-18
8.15925e-23
-2.3292e+23
-1.42194e-20
-1.01847e-33
6583.93
3.41745e+10
1.40962e-29
-inf
-4.81236e-05
6.07393e+35
inf
-inf
-5.73773e-12
-0.582765
-1.27481e+27
-3.09839e-08
0
0
-inf
7.64151e-36
-7.44037e+33
2.72928e-14
4.82171e-09
-81391.9
5.92356e-27
-2.97224e-06
2.99705e+06
-5.61381e+12
-32.2089
inf
-1.26453e-26
-5.9943e+35
0
inf
10550.6
-2.71034e+17
-1.578e+06
0
3.25294e+16
-47.7261
-0.000722665
-1.675e+32
3.37113e-37
2.52742e-18
-inf
-4.68018e+23
inf
-8.48734e+17
9.4536e-12
-9.88795e+13
2.44473e-19
5.61753e+37
-3.50453e-05
-2.39331e-18
2.93652e+35
0
2.58092e-26
-inf
-9.60329e+17
3.76083e+30
1.65384e+07
0
-0.000155819
inf
-1.00358e+16
7.37199e-23
7.27598e-15
2.69491e+37
-9.41493e+19
-1.64731e+26
-3.5391e-17
-8.20931
-1.80538e+25
-2.23365e-16
-6.13305e-05
-330.007
-720747
2.41269e+26
2.03832e-32
0
-9.43333e-22
-5.99526e+25
3.11822e+31
2.25023e-21
5.07303e+13
0
3.77128e-09
9.23739e-15
-2.26675e+30
2.19763e-09
-6.77573e-10
-1.30006e-07
9.47844e-37
-9.60794e+18
1.21685e-33
0
-1.39518e+09
0
0
-6.55708e+20
-8.31589e+28
-1.91828e-26
-7.82371e-23
176.459
3.91626e+06
-2.37045e+29
-1.40493e+10
-6.07513e+13
-inf
1.88678e-17
8.91266e-21
-inf
inf
-1.32869e-13
1.93889e+20
4.99586e-30
-1.89182e+08
-inf
3.54607e-35
-3.60489e+28
2.19608e+21
-inf
-inf
-6.02504e+31
-4.39541e-05
0
0
1.72908e+20
9.33226e-10
inf
-inf
-4.38408e-08
0
0
inf
6.8666e-06
0
0
3.39412e+20
-5.92711e-32
-4.07059e-23
8.93221e+31
-2.99484e+18
-2.60163e+14
-inf
-1.01153e-13
-2.52622e-21
1.25357e+09
0
1.30451e+31
-3.39298e-33
-4.34751e-24
0
0
1.40111e-16
-8.38995e+09
-1.00716e+11
-8.34583e+13
7.1072e+15
-2.17414e+21
-inf
0
-6.62698e-07
2.90479e-09
-4.69157e-19
4.30299e+25
-1.82174e+12
-1.94399e+20
0
-5.61124e+22
1.60219e-31
-inf
inf
-1.0224e+12
0
3.05899e-36
-1.22987e-11
1.24879e+06
3.29979e+09
0
inf
-1.94176e+12
-4.86806e-28
-8.02654e-19
-8.44066e-18
-4.41597e-12
3.46154e-07
-23.4949
inf
7.2613e-21
40.0809
1.68926e+06
6.99008e-34
0.144922
-2.75639e-18
-8.89258e+08
-2.15469e-10
-1.09295e+36
1.56375e-14
4.56419e+06
2.39505e+22
2.30902e+37
6.399e-36
-0.00192541
-1.70225e-15
0
3.2083e-06
2.16148e-08
-7.60788e-27
4.97728e+37
4.10033e+23
2.38262e+24
635081
1.26155e+38
1.57631e+15
10214.3
-2.48021e-34
0
-1.29649e+26
0
0
1.35172e-31
0
-6.20367e+22
1.24885e-29
-0.0151336
-2.3987e-36
3.84028e+21
inf
8.30855e+30
0
-4.04549e+09
inf
2.04302e-30
-8.52123e-28
0
0
4.92692e+17
0
2.3591e+15
-0.489796
-2.17631e+17
5.76558e+22
-1.34937e+26
inf
0
inf
0
5.00142e+29
-1.292e+32
-7.02018e-31
4.56088e-07
-9.32796e-08
1.76335e+17
5.67659e-29
37.0845
1.93261e-28
8.28934e-05
0
2.54962e+31
-6.70263e+35
1.55865e-18
1.13551e-25
5.74063e+37
1.55573e+20
0
1.00529e-28
-1.1694e-27
-1.56854e+06
-2.17811e-36
-16.5901
7.76687e+18
1.57519e+24
6.2969e+08
1.08537e+31
0
-67587.5
-8.25339e+13
1.13242e+38
2.78014e-24
inf
1.78164e+21
-7.73899e+06
-4.89997e-15
-2.77246e-19
inf
2.6073e+08
1.01341e-19
9.23692e+07
4.7032e+19
-inf
-4.6419e+18
-6.24342e-07
0
-1.1479e-29
-4.22394e-27
inf
-6.09948e-20
-5.71408e+18
24.9544
0.0794208
-1.14287e+23
6.10776e-30
-1.18897e+23
-2.1927e-09
-0.00196221
-1.85207e-38
-5053.7
-1.82279e+14
1.38242e+10
4.2053e+12
0
-6.98134e+16
-8.01187e-37
-9.57394e+31
-9.98869e-17
-1.82279e+06
-inf
-1.34801e+12
-inf
0
inf
-3.38019e+10
-2.7516e+32
1.59085e+22
1.74811e+20
-inf
-6.88362e-07
-2.0654e+21
-1.2128e-34
1.01876e+26
-1.84274e-35
1.61345e-09
3.41358e-35
-2.68957e-22
884174
-6.64854e+18
-inf
-0.000284104
9.46586e+06
-inf
-197389
0
-5.75281e-08
1.56031e+34
2.53981e+20
-7.02547e-36
-2.12881
0
0
0.264903
-4.55288e+22
-2.42419e+09
inf
3.07218e+08
-2.32131e+13
-4.08304e-19
-inf
8.62975e+19
0
1.53583e-28
0
-8.60535e-28
inf
inf
0
4.1927e-08
1.16355e-32
4.80888e+25
7.09712e+09
6.02877e-05
-5.6066e-18
1.75466e-10
inf
-inf
1.07843e+36
1.43383e-36
-inf
0
0
-3.54049e-32
1.11005
0
2.39541e-23
-6.43128e+32
inf
2.87073e+17
-9.78937e+21
inf
3.77867e+34
-3.14079e+06
