10100010011101010100101000010000
01010010100111110111111011111001
01111001011010010110000011100010
00000000000000000000000000000000
11000111101000001001001100011010
00000000000000000000000000000000
11111111100000000000000000000000
00000000000000000000000000000000
00000000000000000000000000000000
10000100101111110111011100001010
01111111100000000000000000000000
00011100101111001010100111010100
11010011010000010110010010010110
00000000000000000000000000000000
10011000100110100101001100011000
01010011001101100110001111011001
10100010100101000011001101110100
11101001010111111001100000110000
10001100010100000000011000010010
01111111100000000000000000000000
10111010010101001000011101010100
01001000000010101111010111001010
11100001000011110100001111100110
11001011110000010110001001001110
00000000000000000000000000000000
10011100111010101010111101100010
10100111100000000010011111000011
10101101010101111000101011001001
01011101111000001100100101100000
00110000110110101011010101111100
00000000000000000000000000000000
11111111100000000000000000000000
00011100000111100100011101111001
00000000000000000000000000000000
01001011010001001011000001110110
00000000000000000000000000000000
11111111100000000000000000000000
00000000000000000000000000000000
01100001011010011100011111111000
00010001111010011000001100100010
01010011010100100011001001001111
11001010100011000010011100101000
01111111100000000000000000000000
11110101001010111100001010101010
01100010101100011111000001010110
01011001111110101000000110010010
10110011100010100001001001100110
00011110011111001111111101100110
10101111110111110110000001101100
00100010101100000100001110000110
00110111100000000010001000111100
10010001011110100111100011001000
00110101001000111111000001110001
01111111100000000000000000000000
11000101000110111001100000010001
11100011111100001011100101110010
00001111011011101000000011011010
01111111100000000000000000000000
11010010011110101101101101010110
00000000000000000000000000000000
11000100000011111000001000010101
10101111100100011100001000000010
00111110010010011011011100111100
11011101110101011110011100001000
10011001011110101110100101100000
11111111100000000000000000000000
01110110110000110100001110110101
00000000000000000000000000000000
00111111100000100101001100001111
11010000000001101000001011000010
01110000010000010101110001101010
10111001010000011110111010001100
10001100100011010110000111001111
00000000000000000000000000000000
11000000001111001010001100010100
11010101101000101110000000010010
00001100111111000100000101111110
00000000000000000000000000000000
01010111100010011111111100001100
10011100010000010100111101101000
00001010000101000010100000111111
11010001000111001100101100010100
00111000100001111001101000100000
01101110101100100110010101101000
00000000000000000000000000000000
10000001011011111111100110010100
01111111100000000000000000000000
10101100001000110010001010111000
10111100000100011111110010110011
10001000100010010010011000010100
00101000011110011010100010001010
11011010100111110011000100101010
10011100000101111010010000011110
01010001110000010010111010001100
11111111100000000000000000000000
00111101011101001011100100111000
10110000100010111001110010111110
11100001010100111101001100001111
10011101100011100110110110010100
01111100001110110000101010010010
10100000110111101000011011101100
11000011000110100110110000111101
01000000011101001111101101011000
11110011010001000111010111001001
00110010000110001000010100000000
01000100001011001010011111111110
00010011100100100001100100001100
10100011100010000110101011000000
00100010101010000010001110000111
00011010110001010100011101001010
11100110010001010100101010001001
10011110100001100100110010000011
10001000101010010011100011100110
01000101110011011011111101110010
01010000111111101001111010111100
00001111100011101111001111011001
11111111100000000000000000000000
10111000010010011101100001001000
01111010111010011111010110011010
01111111100000000000000000000000
11111111100000000000000000000000
10101100110010011110000011011010
10111111000101010011000000010110
11101100100000111101000000001110
10110011000001010001001100100101
00000000000000000000000000000000
00000000000000000000000000000000
11111111100000000000000000000000
00000101001000101000010001010101
11110111101101110110101101011000
00101000111101011101010100000010
00110001101001011010110000111110
11000111100111101111011111110100
00010011111010101010100000000110
10110110010001110111011010100110
01001010001101101110110011011010
11010100101000110110001000100100
11000010000000001101010111100000
01111111100000000000000000000000
10010100011110100111011100010110
11111010111001101110010001011100
00000000000000000000000000000000
01111111100000000000000000000000
01000110001001001101101001001011
11011100011100001011101000000110
11001001110000001010000010010011
00000000000000000000000000000000
01011010111001110010001010011100
11000010001111101110011101111010
10111010001111010111000100110010
11110101000001000010001001001011
00000010111001010110110101010000
00100010001110100111110110011010
11111111100000000000000000000000
11100110110001100011011010011001
01111111100000000000000000000000
11011101001111000111010011101110
00101101001001100100111101000000
11010110101100111101110001011011
00100000100100000100111110111001
01111110001010010000101111101010
10111000000100101111110110100100
10100010001100001001100001000010
01111010011000100011100010100010
00000000000000000000000000000000
00010100111111111001101000000110
11111111100000000000000000000000
11011101010101010011110001100100
01110010001111011101111110011010
01001011011111000101101100001100
00000000000000000000000000000000
10111001001000110110001101010100
01111111100000000000000000000000
11011010000011101001111000010110
00011010101100100011111001100011
00101000000000110001001010000100
01111101101000100011000110101110
11100000101000110101001010110000
11101011000010000100001100001011
10100100001000110011011001001110
11000001000000110101100101010100
11101001011011101111000011000110
10100101100000001100001011010011
10111000100000001001111010001001
11000011101001010000000011100111
11001001001011111111011010110010
01101011010001111001001010100110
00001010110100111010101110110110
00000000000000000000000000000000
10011100100011101000110101101110
11101010010001100101110111010110
01110011110001001100100110011100
00011101001010100000010110110101
01010110001110001000111001010000
00000000000000000000000000000000
00110001100000011001010010001110
00101000001001100110011111101110
11110001111001001110001000100100
00110001000101110000010100001010
10110000001110100011111111110100
10110100000010111001011110110110
00000011101000010100010001110001
11011111000001010101011001000011
00001000110010100010111100011101
00000000000000000000000000000000
11001110101001100101000110000101
00000000000000000000000000000000
00000000000000000000000000000000
11100010000011100010111100011100
11101111100001100101100110110110
10010100101111011111101000111000
10011010101111010010101001100110
01000011001100000111010101101110
01001010011011110000011110001110
11110000001111110111101111000010
11010000010100010101100111011000
11010110010111010000001100001010
11111111100000000000000000000000
00100011101011100000011001001111
00011110001010000101101011111000
11111111100000000000000000000000
01111111100000000000000000000000
10101010000101011001100011110011
01100001001010000010110000001110
00001110110010101010011111111000
11001101001101000110101100000100
11111111100000000000000000000000
00000110001111001000101010101000
11101110111010001111010111110100
01100010111011100001100101100010
11111111100000000000000000000000
11111111100000000000000000000000
11110100001111100001110111101000
10111000001110000101101101100110
00000000000000000000000000000000
00000000000000000000000000000000
01100001000101011111100101100010
00110000100000000100001011111011
01111111100000000000000000000000
11111111100000000000000000000000
10110011001111000100101110000010
00000000000000000000000000000000
00000000000000000000000000000000
01111111100000000000000000000000
00110110111001100110011110101000
00000000000000000000000000000000
00000000000000000000000000000000
01100001100100110011001001000101
10001011100110011110000001100000
10011010010001001101011101110100
01110100100011001110110011101011
11011110001001100011111100101111
11010111011011001001110111110110
11111111100000000000000000000000
10101001111000111100011010010110
10011101001111101110000000110110
01001110100101010110111111010011
00000000000000000000000000000000
01110011001001001010011100011111
10001001100011001111000001001111
10011000101010000010111110100110
00000000000000000000000000000000
00000000000000000000000000000000
00100101001000011000100110010010
11001111111110100000101001000110
11010001101110111001100101010100
11010110100101111100111101001000
01011001110010011111111110101100
11100010111010111011100001111110
11111111100000000000000000000000
00000000000000000000000000000000
10110101001100011110010001000010
00110001010001111001110110010010
10100001000010100111100001110111
01101010000011100101111110111000
11010011110101000001010000100010
11100001001010001001110101001101
00000000000000000000000000000000
11100101001111100001110111001000
00001100010011111111100111000100
11111111100000000000000000000000
01111111100000000000000000000000
11010011011011100000101111010010
00000000000000000000000000000000
00000100100000100001110101101000
10101101010110000101110001110010
01001001100110000111000011010001
01001111010001001010111011011010
00000000000000000000000000000000
01111111100000000000000000000000
11010011111000100000110011110101
10010010000110100100011001101000
10100001011011001110011011011000
10100011000110111011001111100000
10101100100110110101111110010000
00110100101110011101011100011010
11000001101110111111010110011100
01111111100000000000000000000000
00011110000010010010100110000000
01000010001000000101001011011100
01001001110011100011010101111110
00001000011010000100100100001010
00111110000101000110011001111010
10100010010010110110001010101000
11001110010101000000001111111100
10101111011011001110100100000100
11111011010100100111111010111100
00101000100011001101100110101000
01001010100010110100100110111110
01100100101000100100101110000110
01111101100010101111100000101001
00000101000010000001011101110010
10111010111111000101111000001000
10100110111101010101000111110010
00000000000000000000000000000000
00110110010101110100111000100110
00110010101110011010101101101010
10010100000101101011000010000100
01111110000101011100011110001110
01100110101011011010011111011000
01100111111111000100010100011000
01001001000110110000110010001011
01111110101111011101000011111100
01011000101100110011010010111100
01000110000111111001100101000101
10000111101001001101011010010010
00000000000000000000000000000000
11101010110101100111110010011000
00000000000000000000000000000000
00000000000000000000000000000000
00001100001011110111011010000110
00000000000000000000000000000000
11100101010100100011000000111000
00001111011111010100110000111000
10111100011101111111001011010100
10000100010011000000111100011111
01100011010100000010111010010000
01111111100000000000000000000000
01110010110100011011110010111100
00000000000000000000000000000000
11001111011100010010000101010000
01111111100000000000000000000000
00001110001001011011111111011000
10010010100001110000011000110101
00000000000000000000000000000000
00000000000000000000000000000000
01011100110110101100110010100000
00000000000000000000000000000000
01011001000001100001100101111001
10111110111110101100011010000010
11011100010000010100101110010110
01100101010000110101100001101000
11101010110111110011101111101010
01111111100000000000000000000000
00000000000000000000000000000000
01111111100000000000000000000000
00000000000000000000000000000000
01110000110010100000000101111000
11110100110010111101011110101000
10001101011000111101000101100010
00110100111101001101110001010010
10110011110010000101000100000000
01011100000111001001111000000001
00010000100011111110101100110000
01000010000101000101011010001100
00010001011101001111110011000100
00111000101011011101011100001100
00000000000000000000000000000000
01110011101000001110011101100110
11111011000000010001011010001001
00100001111001100000010000001110
00010110000011001001000111100111
01111110001011001100000000110100
01100001000001101111000000101100
00000000000000000000000000000000
00010000111111101101111011000100
10010010101110010100110010010100
11001001101111110111100011011010
10000100001110010100101100010100
11000001100001001011100010010000
01011110110101111001001011110110
01100111101001101100011110001001
01001110000101100010000100110011
01110011000010001111111000110111
00000000000000000000000000000000
11000111100001000000000110111111
11010110100101100010000011011001
01111110101010100110001101101100
00011000010101110001101001101100
01111111100000000000000000000000
01100010110000010010101010000010
11001010111011000010110011011000
10100111101100001000101001000100
10100000101000111010100001001100
01111111100000000000000000000000
01001101011110001010011011010110
00011111111011110100100011001100
01001100101100000010111000100111
01100000001000110010110011010110
11111111100000000000000000000000
11011110100000001101011010110101
10110101001001111001100001110101
00000000000000000000000000000000
10001111011010001101001010001100
10010011101001110101001111100010
01111111100000000000000000000000
10011111100100000000010100010100
11011110100111101001100011111010
01000001110001111010001010001000
00111101101000101010011101011100
11100101110000011001101111101010
00001110111101111100001010100000
11100101110010010110101101011101
10110001000101101010111001101110
10111011000000001001100001111110
10000000110010011010110000001010
11000101100111011110110110010000
11010111001001011100100000101011
01010000010011011111111100101110
01010100011101001100011111010110
00000000000000000000000000000000
11011011011110000000011011110010
10000011100010000101000010100001
11110100100101110000110011010101
10100100111001100101001011011000
11001001110111101000001001010010
11111111100000000000000000000000
11010011100111001110110111100001
11111111100000000000000000000000
00000000000000000000000000000000
01111111100000000000000000000000
11010000111110111101011111101110
11110101010110010001000000101001
01100100010101111001100110011010
01100001000101111001111111110010
11111111100000000000000000000000
10110101001110001100011111011010
11100010110111111110111001101100
10000111001000010011010101011111
01101010101010001000101000010100
10000101110000111111010001000110
00110000110111011100000000101110
00000110001101010111111100110011
10011011101000101001001100001111
01001001010101111101110011101000
11011110101110001000100010110000
11111111100000000000000000000000
10111001100101001111001110111101
01001011000100000111000000001001
11111111100000000000000000000000
11001000010000001100001100110000
00000000000000000000000000000000
10110011011101110001010011010100
01111000010000000101001010001100
01100001010111000100101100011010
10000101000101010110101001010010
11000000000010000011111001101000
00000000000000000000000000000000
00000000000000000000000000000000
00111110100001111010000101010110
11100101000110100100000111111001
11001111000100000111111000110101
01111111100000000000000000000000
01001101100100100111111000111010
11010101101010001110010110110010
10100000111100010000010100101100
11111111100000000000000000000000
01100000100101011011001111001000
00000000000000000000000000000000
00010001010000101011000001111101
00000000000000000000000000000000
10010010100010000101101101110010
01111111100000000000000000000000
01111111100000000000000000000000
00000000000000000000000000000000
00110011001101000001001100101100
00001010011100011010100100101000
01101010000111110001110011000010
01001111110100111000001010110010
00111000011111001101110101100110
10100010110011101101100011011010
00101111010000001110110100110011
01111111100000000000000000000000
11111111100000000000000000000000
01111011010011111011001011000010
00000011111100111111010000110010
11111111100000000000000000000000
00000000000000000000000000000000
00000000000000000000000000000000
10001011001101111101010100100100
00111111100011100001011001000010
00000000000000000000000000000000
00011001111001111010101101110000
11110101111111011010101101010100
01111111100000000000000000000000
01011100011111101111100011100000
11100100000001001010101110110101
01111111100000000000000000000000
01111000111010001110000011100111
11001010001111111011001011010111