6.22E-08
9.57E-08
1.31E-07
nan
9.50E-08
nan
nan
1
nan
7.97E-08
nan
8.09E-08
1.58E-07
nan
9.89E-08
0
1.03E-07
0
1.47E-07
nan
7.18E-08
2.20E-07
1.07E-07
0
1
6.50E-08
0
7.08E-08
6.79E-08
6.98E-08
1
nan
0
nan
0
1
nan
nan
6.53E-08
0
0
0
nan
1.78E-07
0
0
1.11E-07
6.03E-08
6.83E-08
0
1.19E-07
1.22E-07
9.31E-08
nan
0
1.27E-07
0
nan
6.08E-08
nan
0
0
7.56E-08
7.13E-08
0
nan
0
1
1.17E-07
1.13E-07
1.58E-07
0
1.08E-07
1
8.09E-08
0
6.05E-08
1
0
7.89E-08
1.03E-07
9.73E-08
0
1.71E-07
nan
1.27E-07
nan
0
0
1.11E-07
6.11E-08
0
1.01E-07
1.58E-07
nan
0
0
0
0
1.63E-07
0
0
6.23E-08
0
0
8.84E-08
1.04E-07
1.12E-07
0
7.73E-08
7.73E-08
1.14E-07
0
7.42E-08
1.20E-07
1.07E-07
nan
7.56E-08
0
nan
nan
0
0
0
1.15E-07
1
nan
nan
0
0
6.21E-08
9.21E-08
1.92E-07
1.30E-07
0
8.34E-08
0
1.18E-07
nan
1.22E-07
6.61E-08
nan
nan
9.26E-08
6.34E-08
7.92E-08
nan
0
0
8.05E-08
1.15E-07
1.33E-07
1.64E-07
nan
0
nan
8.10E-08
9.17E-08
0
0
9.03E-08
1.04E-07
0
6.75E-08
nan
0
nan
0
8.04E-08
6.05E-08
nan
9.34E-08
nan
1.07E-07
0
0
9.41E-08
0
0
0
0
0
0
1.19E-07
0
0
7.65E-08
1.44E-07
1
0
7.69E-08
7.75E-08
8.97E-08
8.27E-08
nan
1.18E-07
9.17E-08
6.67E-08
1.01E-07
0
1.09E-07
9.46E-08
0
7.55E-08
1
0
nan
1
1.07E-07
0
8.03E-08
8.07E-08
0
0
7.97E-08
7.29E-08
6.90E-08
nan
0
1.81E-07
nan
nan
1.02E-07
0
1.51E-07
8.46E-08
nan
0
6.55E-08
6.41E-08
nan
nan
1.61E-07
0
nan
nan
0
0
nan
nan
8.10E-08
1
nan
nan
6.62E-08
1
nan
0
9.92E-08
7.75E-08
1.08E-07
9.18E-08
6.45E-08
nan
6.70E-08
0
1.02E-07
1
0
0
9.07E-08
nan
1
0
0
8.13E-08
1.01E-07
0
6.47E-08
nan
nan
8.58E-08
7.64E-08
1.10E-07
0
1.44E-07
0
nan
8.03E-08
1.47E-07
inf
nan
0
nan
1.17E-07
0
0
7.76E-08
nan
nan
6.75E-08
0
0
9.80E-08
1.96E-07
0
0
nan
0
9.52E-08
0
1.31E-07
1.03E-07
1.50E-07
7.20E-08
6.44E-08
0
0
2.19E-07
9.40E-08
0
0
6.05E-08
0
1
0
1.64E-07
2.03E-07
0
8.79E-08
0
0
8.04E-08
8.51E-08
9.56E-08
1.85E-07
nan
7.11E-08
nan
nan
8.70E-08
nan
0
6.02E-08
6.15E-08
7.48E-08
7.33E-08
inf
7.28E-08
nan
0
nan
0
1.13E-07
nan
nan
6.97E-08
nan
0
6.08E-08
0
7.81E-08
0
nan
nan
nan
1
0
1.50E-07
6.70E-08
6.23E-08
1.52E-07
9.74E-08
1.06E-07
0
6.23E-08
8.78E-08
1
9.48E-08
1.18E-07
0
1.09E-07
1.77E-07
0
1
5.99E-08
8.23E-08
7.97E-08
0
1.15E-07
7.08E-08
9.15E-08
0
0
nan
1.16E-07
0
0
7.09E-08
nan
0
6.46E-08
8.64E-08
1.86E-07
nan
6.14E-08
6.38E-08
0
9.35E-08
nan
1.18E-07
9.10E-08
1
6.55E-08
1.82E-07
nan
1.06E-07
0
7.64E-08
9.38E-08
0
0
0
1.01E-07
1.19E-07
1.51E-07
9.66E-08
0
7.41E-08
6.23E-08
nan
1.23E-07
1.12E-07
0
1.32E-07
0
nan
9.72E-08
nan
nan
nan
6.06E-08
7.03E-08
7.08E-08
1.01E-07
nan
1.65E-07
1.36E-07
9.47E-08
0
7.79E-08
1.38E-07
8.41E-08
0
7.07E-08
8.27E-08
nan
0
1.06E-07
nan
7.92E-08
nan
0
1.59E-07
0
1.02E-07
1.12E-07
nan
1
1.13E-07
9.89E-08
0
nan
1.04E-07
9.03E-08
1.27E-07
nan
1.02E-07
1
0
nan
1.12E-07
nan
nan
1
1.69E-07
1.26E-07
9.59E-08
7.21E-08
0
0
7.91E-08
nan
nan
0
6.25E-08
nan
nan
1
1.66E-07
0
nan
6.59E-08
6.02E-08
nan
5.98E-08
0
nan
0
7.96E-08


















































































































































































































































































































































































































































































































