-3.32E-18
3.43E+11
7.57E+34
0
-82214.2
0
-inf
-1.08E-43
0
-4.50E-36
inf
1.25E-21
-8.31E+11
0
-3.99E-24
7.83E+11
-4.02E-18
-1.69E+25
-1.60E-31
inf
-0.000810732
142295
-1.65E+20
-2.53E+07
-1.21E-39
-1.55E-21
-3.56E-15
-1.23E-11
2.02E+18
1.59E-09
-2.37E-43
inf
5.24E-22
0
1.29E+07
-4.06E-41
inf
0
2.70E+20
3.68E-28
9.03E+11
-4.59E+06
-inf
-2.18E+32
1.64E+21
8.81E+15
-6.43E-08
1.34E-20
-4.06E-10
4.78E-18
1.53E-05
-1.98E-28
6.11E-07
inf
-2489.5
-8.88E+21
1.18E-29
inf
-2.69E+11
0
-574.033
-2.65E-10
0.196988
-1.93E+18
-1.30E-23
inf
1.98E+33
-1.17E-41
1.01816
-9.03E+09
2.39E+29
-0.000184948
-2.18E-31
-1.98E-39
-2.94745
-2.24E+13
3.89E-31
-1.40E-45
3.03E+14
-6.40E-22
7.13E-33
-4.21E+10
6.47E-05
2.76E+28
0
-4.41E-38
-inf
-2.32E-12
-0.00891035
-8.25E-34
1.39E-14
-2.24E+16
-5.02E-22
1.04E+11
inf
0.059747
-1.02E-09
-2.44E+20
-3.77E-21
3.88E+36
-3.77E-19
-154.423
3.82784
-1.56E+31
8.88E-09
690.625
3.69E-27
-1.48E-17
4.56E-18
8.16E-23
-2.33E+23
-1.42E-20
-1.02E-33
6583.93
3.42E+10
1.41E-29
inf
-4.81E-05
6.07E+35
inf
inf
-5.74E-12
-0.582765
-1.27E+27
-3.10E-08
7.35E-40
0
inf
7.64E-36
-7.44E+33
2.73E-14
4.82E-09
-81391.9
5.92E-27
-2.97E-06
3.00E+06
-5.61E+12
-32.2089
inf
-1.26E-26
-5.99E+35
0
inf
10550.6
-2.71E+17
-1.58E+06
0
3.25E+16
-47.7261
-0.000722665
-1.68E+32
3.37E-37
2.53E-18
inf
-4.68E+23
inf
-8.49E+17
9.45E-12
-9.89E+13
2.44E-19
5.62E+37
-3.50E-05
-2.39E-18
2.94E+35
0
2.58E-26
-inf
-9.60E+17
3.76E+30
1.65E+07
0
-0.000155819
-inf
-1.00E+16
7.37E-23
7.28E-15
2.69E+37
-9.41E+19
-1.65E+26
-3.54E-17
-8.20931
-1.81E+25
-2.23E-16
-6.13E-05
-330.007
-720747
2.41E+26
2.04E-32
1.22E-43
-9.43E-22
-6.00E+25
3.12E+31
2.25E-21
5.07E+13
0
3.77E-09
9.24E-15
-2.27E+30
2.20E-09
-6.78E-10
-1.30E-07
9.48E-37
-9.61E+18
1.22E-33
-4.20E-45
-1.40E+09
0
-1.13E-41
-6.56E+20
-8.32E+28
-1.92E-26
-7.82E-23
176.459
3.92E+06
-2.37E+29
-1.40E+10
-6.08E+13
-inf
1.89E-17
8.91E-21
inf
-inf
-1.33E-13
1.94E+20
5.00E-30
-1.89E+08
-inf
3.55E-35
-3.60E+28
2.20E+21
-inf
inf
-6.03E+31
-4.40E-05
0
0
1.73E+20
9.33E-10
-inf
-inf
-4.38E-08
1.38E-39
0
-inf
6.87E-06
2.87E-43
0
3.39E+20
-5.93E-32
-4.07E-23
8.93E+31
-2.99E+18
-2.60E+14
inf
-1.01E-13
-2.53E-21
1.25E+09
2.26E-43
1.30E+31
-3.39E-33
-4.35E-24
0
-6.63E-43
1.40E-16
-8.39E+09
-1.01E+11
-8.35E+13
7.11E+15
-2.17E+21
inf
0
-6.63E-07
2.90E-09
-4.69E-19
4.30E+25
-1.82E+12
-1.94E+20
0
-5.61E+22
1.60E-31
2.50E+38
inf
-1.02E+12
0
3.06E-36
-1.23E-11
1.25E+06
3.30E+09
0
inf
-1.94E+12
-4.87E-28
-8.03E-19
-8.44E-18
-4.42E-12
3.46E-07
-23.4949
inf
7.26E-21
40.0809
1.69E+06
6.99E-34
0.144922
-2.76E-18
-8.89E+08
-2.15E-10
-1.09E+36
1.56E-14
4.56E+06
2.40E+22
2.31E+37
6.40E-36
-0.00192541
-1.70E-15
-1.01E-39
3.21E-06
2.16E-08
-7.61E-27
4.98E+37
4.10E+23
2.38E+24
635081
1.26E+38
1.58E+15
10214.3
-2.48E-34
0
-1.30E+26
0
0
1.35E-31
0
-6.20E+22
1.25E-29
-0.0151336
-2.40E-36
3.84E+21
-2.87E+38
8.31E+30
0
-4.05E+09
inf
2.04E-30
-8.52E-28
0
0
4.93E+17
0
2.36E+15
-0.489796
-2.18E+17
5.77E+22
-1.35E+26
-inf
0
inf
5.70E-43
5.00E+29
-1.29E+32
-7.02E-31
4.56E-07
-9.33E-08
1.76E+17
5.68E-29
37.0845
1.93E-28
8.29E-05
9.17E-40
2.55E+31
-6.70E+35
1.56E-18
1.14E-25
5.74E+37
1.56E+20
-3.72E-42
1.01E-28
-1.17E-27
-1.57E+06
-2.18E-36
-16.5901
7.77E+18
1.58E+24
6.30E+08
1.09E+31
0
-67587.5
-8.25E+13
1.13E+38
2.78E-24
-inf
1.78E+21
-7.74E+06
-4.90E-15
-2.77E-19
-inf
2.61E+08
1.01E-19
9.24E+07
4.70E+19
inf
-4.64E+18
-6.24E-07
3.81E-40
-1.15E-29
-4.22E-27
-inf
-6.10E-20
-5.71E+18
24.9544
0.0794208
-1.14E+23
6.11E-30
-1.19E+23
-2.19E-09
-0.00196221
-1.85E-38
-5053.7
-1.82E+14
1.38E+10
4.21E+12
0
-6.98E+16
-8.01E-37
-9.57E+31
-9.99E-17
-1.82E+06
-inf
-1.35E+12
inf
0
-inf
-3.38E+10
-2.75E+32
1.59E+22
1.75E+20
inf
-6.88E-07
-2.07E+21
-1.21E-34
1.02E+26
-1.84E-35
1.61E-09
3.41E-35
-2.69E-22
884175
-6.65E+18
-inf
-0.000284104
9.47E+06
-inf
-197389
0
-5.75E-08
1.56E+34
2.54E+20
-7.03E-36
-2.12881
0
-1.84E-39
0.264903
-4.55E+22
-2.42E+09
-inf
3.07E+08
-2.32E+13
-4.08E-19
-inf
8.63E+19
-2.94E-44
1.54E-28
0
-8.61E-28
-inf
inf
-4.95E-39
4.19E-08
1.16E-32
4.81E+25
7.10E+09
6.03E-05
-5.61E-18
1.75E-10
inf
-inf
1.08E+36
1.43E-36
-inf
0
-2.13E-41
-3.54E-32
1.11005
0
2.40E-23
-6.43E+32
inf
2.87E+17
-9.79E+21
inf
3.78E+34
-3.14E+06


















































































































































































































































































































































































































































































































